40
33
66
38
30
38
67
39
69
38
40
35
35
35
66
40
35
66
40
67
66
36
39
31
33
38
36
34
66
35
34
31
67
30
32
31
34
40
39
38
37
66
30
30
66
34
70
40
34
72
39
31
72
33
34
36
36
33
156
35
37
31
69
69
32
35
39
36
70
38
69
69
37
34
30
38
38
37
30
38
33
156
35
31
31
38
70
39
33
67
31
69
33
67
33
67
69
69
36
70
32
33
70
40
36
38
40
85
34
36
69
66
67
36
40
66
66
37
35
36
35
40
36
36
31
40
34
34
35
39
33
70
37
37
39
34
17
67
67
34
66
37
36
70
66
31
39
67
35
66
32
66
30
37
67
69
38
69
37
34
39
39
66
32
34
36
32
67
39
40
36
32
35
32
67
70
40
70
39
31
33
30
69
37
34
38
36
33
36
32
31
33
72
69
33
30
33
34
70
35
36
69
32
36
33
72
39
37
40
30
40
35
37
39
66
35
67
32
30
67
66
34
31
36
37
70
66
70
38
31
69
37
37
31
35
38
37
31
35
36
31
72
33
67
31
69
39
35
40
33
35
34
36
69
33
72
31
38
38
69
39
69
66
70
69
35
33
31
35
156
38
35
38
30
38
30
37
39
70
66
37
34
31
38
34
36
156
31
38
67
40
37
40
67
39
38
70
38
37
33
33
40
33
34
39
66
30
69
39
34
67
40
66
35
69
37
38
37
69
67
34
70
37
40
40
36
66
67
30
34
33
35
40
66
39
31
37
67
31
39
39
40
36
66
40
34
33
39
159
63
162
70
161
116
157
157
160
154
159
157
163
157
159
116
70
163
114
162
161
154
163
159
159
107
161
161
164
159
156
155
154
154
157
159
155
156
155
164
107
154
160
107
107
70
160
107
157
154
161
70
107
155
159
157
161
157
155
162
107
107
157
160
107
159
64
159
160
161
162
154
163
159
65
107
154
63
162
63
164
157
107
161
163
162
164
154
164
155
107
163
161
70
163
155
163
159
162
159
159
162
157
163
163
155
70
162
107
154
163
154
159
156
161
159
155
161
157
155
155
154
157
163
160
159
157
163
70
154
63
161
154
157
163
116
161
154
154
161
160
157
162
162
107
161
161
159
107
107
155
155
107
70
162
107
162
154
163
163
163
154
162
161
107
163
163
161
154
161
154
157
163
162
157
163
156
161
88
161
162
157
157
157
155
162
63
159
107
107
161
160
154
163
159
159
163
159
162
157
162
63
159
154
155
163
154
162
164
157
159
161
107
107
157
154
70
163
161
160
157
160
159
162
155
64
65
65
68
68
68
64
116
63
68
68
63
162
160
164
65
64
156
164
64
161
164
68
120
64
64
68
68
160
63
64
164
64
116
63
63
64
160
64
65
63
164
68
65
65
65
64
65
65
65
64
63
64
64
68
68
114
64
65
68
64
164
68
64
116
65
65
68
114
63
68
64
164
160
68
65
32
68
164
164
64
64
65
162
65
68
68
63
68
68
65
64
68
65
164
65
156
68
156
162
164
65
68
164
64
65
65
64
68
65
164
64
65
76
81
81
71
78
72
80
76
77
76
78
78
79
81
76
77
71
78
81
77
77
71
78
76
76
77
71
77
71
79
81
72
80
77
80
76
81
76
77
71
81
78
81
79
80
77
71
72
76
79
71
81
77
78
80
81
71
72
76
77
71
78
80
80
81
78
77
75
78
80
76
80
80
81
77
76
71
81
80
81
77
71
71
79
81
71
78
77
78
80
75
77
76
81
77
80
72
80
77
76
72
78
81
71
80
71
78
80
76
76
71
80
72
81
78
80
71
81
79
76
71
81
80
80
77
79
76
72
80
77
71
80
71
81
77
81
71
78
76
75
76
80
78
76
78
78
80
71
77
78
81
76
78
71
81
80
77
81
76
78
76
77
76
78
71
78
72
77
78
72
79
58
72
75
79
79
58
79
75
58
72
75
58
79
72
72
75
75
75
79
79
75
79
72
79
72
79
79
75
75
79
75
79
75
79
79
79
75
72
72
110
84
103
82
103
105
110
105
156
120
88
82
100
97
109
109
109
117
108
115
86
103
121
103
156
87
95
96
122
94
84
90
101
96
116
112
93
104
90
92
114
117
106
112
119
104
102
122
118
104
89
89
115
119
99
94
89
93
102
97
97
120
105
83
83
91
112
105
119
122
94
89
121
104
100
104
86
95
108
110
116
118
82
97
82
110
83
83
102
108
118
106
110
111
131
89
106
101
117
91
94
84
99
85
108
114
98
87
87
155
86
92
131
120
122
118
114
92
102
120
97
85
102
110
103
109
120
99
86
113
90
98
89
96
97
99
104
100
89
92
109
92
91
86
93
119
122
97
120
97
121
82
94
94
101
122
119
106
88
97
93
106
51
88
120
101
121
93
112
118
102
111
83
86
117
108
119
99
96
87
101
99
93
101
114
103
110
83
96
99
98
96
99
155
108
83
113
92
112
115
121
105
99
103
109
93
103
104
109
98
117
93
103
119
88
97
88
115
114
91
90
85
105
108
111
119
116
89
84
86
85
108
85
110
83
118
98
82
108
84
100
105
97
118
131
122
115
120
101
108
82
117
111
113
99
51
117
86
112
116
98
93
120
117
84
95
113
93
98
99
102
122
155
118
104
51
86
84
101
90
120
97
99
116
98
112
90
121
85
101
105
100
122
119
110
93
91
96
121
82
94
97
87
83
92
84
108
106
109
84
108
83
98
129
114
85
112
155
86
104
106
121
97
91
85
109
85
114
156
122
119
110
122
109
85
91
105
120
112
111
118
114
93
82
106
104
88
89
108
103
117
104
117
118
88
101
97
108
97
84
83
120
118
119
118
103
98
120
117
90
96
101
92
90
88
83
89
104
100
117
93
111
88
110
84
102
103
99
109
86
120
82
83
93
89
87
91
101
115
112
92
51
110
122
115
91
98
102
122
94
118
100
122
103
122
119
90
115
106
109
103
96
115
105
116
95
110
98
102
100
108
95
101
90
93
85
115
105
90
86
83
95
118
98
101
101
112
121
88
111
99
110
119
92
91
85
87
106
155
122
112
114
116
96
100
95
155
106
121
89
122
94
97
95
86
106
112
102
114
129
90
98
105
91
98
120
103
93
97
92
107
51
86
96
83
85
120
92
106
95
102
114
90
85
114
85
83
97
111
89
104
88
114
96
100
129
122
111
111
119
88
111
117
95
90
101
114
109
106
112
110
115
118
104
115
85
109
100
89
121
121
85
91
85
95
96
82
112
121
99
114
84
91
94
131
102
105
112
103
113
83
83
95
109
90
99
110
84
115
16
107
89
105
119
96
94
119
117
108
111
93
156
113
110
95
117
119
84
156
89
51
114
93
104
114
101
121
105
101
102
119
113
90
97
122
90
104
104
118
131
92
119
103
89
120
100
92
90
116
102
101
84
91
88
129
95
101
88
94
117
113
93
88
92
101
92
112
106
131
98
122
99
87
129
121
119
83
92
97
113
97
86
105
114
111
82
51
100
82
100
94
88
94
89
108
95
97
82
96
115
112
100
105
121
96
84
94
110
116
108
111
4
91
88
93
121
103
111
89
96
121
110
100
89
89
120
111
100
93
102
110
87
86
113
87
105
115
98
98
96
116
106
90
84
98
111
90
90
113
100
116
87
94
83
88
85
88
129
119
115
95
98
110
106
117
116
87
122
122
109
110
96
102
89
108
99
131
87
94
115
92
111
105
104
120
91
98
87
113
109
131
109
120
88
115
102
82
86
106
86
131
155
98
82
93
112
119
114
131
84
101
116
94
116
109
119
111
113
152
98
122
100
88
87
122
110
116
106
116
115
113
95
100
121
112
96
95
122
104
100
104
86
100
118
88
121
83
92
83
111
111
94
19
99
109
87
84
84
88
118
131
117
91
102
90
113
104
105
82
101
86
87
117
118
116
84
103
112
116
92
94
106
118
117
87
103
87
90
129
121
118
94
99
108
117
113
113
115
91
89
115
114
90
113
119
88
84
115
113
82
109
164
114
96
95
117
156
103
106
117
102
105
97
87
92
93
156
85
104
87
101
86
105
94
87
115
106
100
86
95
100
121
109
83
94
84
103
82
113
118
98
95
121
129
102
85
96
86
102
99
101
85
103
112
117
112
82
87
108
82
113
105
96
85
108
111
84
96
115
82
89
119
103
85
104
90
94
113
93
92
99
110
99
109
94
129
109
95
82
95
100
87
93
118
114
103
120
110
82
111
117
87
92
86
105
115
116
95
111
108
89
120
83
97
98
82
105
102
102
106
106
121
83
111
86
113
84
109
118
96
118
102
99
95
112
99
3
25
29
20
13
6
3
29
15
26
20
10
27
8
11
29
26
7
22
29
15
20
22
29
23
22
7
13
12
4
0
7
10
17
1
13
15
22
28
26
14
5
26
4
21
29
28
4
24
21
7
7
11
23
2
154
26
30
14
9
29
26
32
23
26
32
23
5
28
14
27
1
18
18
2
15
27
2
23
28
27
3
16
28
21
6
28
26
26
28
12
14
28
5
29
4
20
26
12
29
26
26
29
22
28
21
26
0
7
9
26
24
28
29
4
26
16
10
8
10
17
7
21
24
32
2
17
15
2
21
16
6
0
5
3
11
11
23
26
25
13
30
14
2
0
15
0
6
1
29
14
5
1
2
11
0
19
8
24
4
13
6
5
14
27
8
8
18
22
14
22
1
8
11
5
19
18
24
1
24
0
7
21
9
15
29
8
24
25
14
19
9
8
22
21
20
7
3
14
13
6
25
20
3
26
15
7
23
20
8
5
3
6
12
24
17
19
24
20
18
13
19
15
16
6
4
16
5
3
10
2
19
17
11
20
0
16
12
3
12
22
15
18
10
20
26
23
29
20
13
20
12
2
2
23
21
21
19
27
28
9
23
4
19
19
12
21
1
4
22
10
16
3
13
11
4
5
0
3
4
26
23
15
18
16
24
13
19
5
1
29
19
21
11
1
27
2
11
5
11
3
3
11
15
5
25
8
11
1
14
14
17
19
29
10
25
24
18
22
24
11
8
0
14
24
6
20
4
3
19
10
14
6
21
12
13
23
13
19
20
12
9
4
27
32
3
9
17
22
18
0
25
15
32
2
4
17
18
10
18
10
15
14
7
2
22
2
16
17
21
4
17
28
4
23
18
0
19
7
32
16
16
19
12
11
26
12
8
0
21
16
0
12
4
6
7
6
7
10
9
25
24
23
30
22
24
10
4
27
21
11
3
7
10
9
30
19
5
17
7
16
15
9
23
4
28
16
6
1
20
24
12
13
11
28
16
1
27
18
16
8
6
5
25
6
22
22
5
22
24
10
5
28
28
11
11
19
9
18
24
16
22
8
25
18
13
28
17
1
9
20
0
14
15
9
0
22
25
14
18
1
0
13
9
14
23
17
13
25
27
24
23
2
20
11
5
6
8
8
23
20
25
7
14
10
13
5
12
4
21
25
6
20
10
27
0
1
0
9
25
14
3
13
28
17
21
14
25
24
25
2
27
27
17
5
26
24
0
25
17
10
32
0
20
20
1
17
26
18
19
2
12
9
15
27
7
2
7
9
13
15
13
23
19
0
5
0
14
10
21
7
30
18
9
27
21
24
5
27
4
7
12
28
3
15
23
19
2
6
14
12
23
6
32
2
1
17
12
4
4
12
27
11
27
12
11
13
12
8
9
27
22
18
10
2
30
25
25
15
25
1
16
23
21
3
13
28
6
24
20
18
16
19
0
9
4
25
8
8
5
3
8
6
16
9
10
25
6
5
8
22
9
7
21
11
16
14
18
23
17
15
7
3
1
18
20
8
8
23
11
19
28
27
29
6
20
19
17
1
8
15
1
17
30
18
16
17
15
1
8
1
14
7
12
2
3
13
15
10
3
11
1
24
3
12
17
24
1
29
25
27
6
9
7
29
29
20
16
3
2
25
26
21
17
28
10
5
28
26
10
10
16
23
28
6
28
29
12
27
32
30
15
9
9
22
29
29
26
29
139
141
149
146
136
147
136
134
148
151
129
133
153
140
123
144
135
131
150
148
144
125
145
143
132
123
137
133
148
136
128
125
131
148
152
125
125
147
151
133
143
123
151
32
148
153
143
143
134
149
126
135
126
91
134
141
147
124
143
138
129
140
136
127
133
149
134
126
145
124
145
129
143
142
123
128
125
152
127
32
152
140
146
124
144
146
134
137
151
147
138
125
138
146
148
145
148
124
144
131
152
136
153
131
140
150
151
136
151
140
128
137
152
158
125
158
146
140
126
137
133
147
142
135
137
146
136
158
149
133
133
128
138
150
134
133
143
152
158
146
128
138
134
128
130
153
149
141
150
150
123
124
136
156
148
132
158
133
142
125
150
131
143
129
124
91
147
139
126
127
134
134
139
151
144
128
149
156
147
142
128
137
124
123
127
137
141
133
139
146
149
153
140
152
135
135
158
128
141
127
158
145
135
151
124
147
146
141
139
125
123
148
145
150
142
133
146
136
151
153
142
132
136
153
156
130
150
149
151
145
152
126
128
143
133
144
146
128
149
125
138
129
130
135
147
145
150
146
153
153
147
153
147
136
152
148
148
124
146
146
136
130
135
150
148
132
153
150
145
129
152
124
130
125
130
141
143
123
139
146
131
123
146
153
153
144
125
153
130
123
126
144
152
128
124
145
132
143
151
146
144
125
145
123
141
148
153
131
144
140
136
151
138
146
158
142
150
149
91
135
153
151
130
141
147
146
150
150
141
125
139
141
152
145
133
138
130
128
130
153
125
127
156
146
142
135
126
151
136
150
143
130
137
152
141
140
142
127
127
130
139
147
153
142
150
145
141
130
146
149
137
124
147
136
139
145
128
140
142
147
137
152
137
153
149
141
147
134
139
134
138
152
158
148
158
146
132
141
149
143
132
127
130
148
144
130
128
126
127
140
137
130
146
158
123
133
126
148
143
150
132
140
130
145
148
126
124
142
137
150
129
152
137
136
149
147
136
148
135
127
140
139
126
145
158
138
141
144
137
134
142
142
133
149
135
139
144
127
145
140
130
158
150
134
126
130
158
130
148
151
129
135
142
134
150
123
149
134
149
138
158
147
144
135
143
139
158
133
147
135
136
139
144
127
130
124
128
150
132
141
126
127
148
131
142
150
124
127
140
133
134
142
144
144
137
126
126
134
135
129
129
143
137
153
135
125
132
137
123
128
127
141
144
136
148
124
158
123
143
158
139
144
138
133
131
141
126
134
137
127
134
137
153
136
133
158
133
158
124
146
128
131
126
138
142
147
153
148
149
137
149
147
127
152
140
124
152
145
139
138
126
141
145
125
131
125
135
128
136
148
129
139
124
142
124
124
145
143
123
137
142
143
131
124
140
132
139
129
149
135
158
133
127
133
125
134
140
131
136
139
143
123
151
147
126
144
142
141
123
156
139
125
152
152
127
135
135
142
138
149
144
133
152
144
134
133
134
132
151
130
151
134
141
151
152
140
150
151
138
143
138
130
123
153
151
136
128
142
141
139
123
138
149
125
135
130
123
132
147
91
123
136
142
140
138
127
139
147
135
143
139
137
138
158
138
126
137
123
127
137
131
145
146
145
124
127
143
130
124
125
126
129
125
134
135
132
133
143
127
138
139
151
128
152
124
141
148
150
128
152
140
149
140
149
123
143
140
132
148
145
132
132
141
123
132
138
129
132
136
126
135
126
150
153
127
140
153
144
139
126
138
142
151
128
132
147
132
144
132
149
134
132
145
138
145
144
57
59
58
57
74
49
42
53
73
74
74
59
59
73
44
55
48
54
49
59
59
44
43
42
51
55
45
42
47
42
58
43
42
48
51
48
73
42
51
47
55
46
56
59
56
48
41
57
51
45
160
55
43
74
54
57
44
50
60
57
55
57
41
46
59
56
55
160
48
44
41
46
45
42
44
58
58
52
75
56
59
52
47
57
49
54
56
43
60
49
52
52
42
75
74
41
59
43
50
74
46
73
41
60
73
55
51
54
52
74
54
57
74
57
160
57
48
42
41
57
52
44
55
56
42
56
60
41
55
160
73
43
45
48
47
45
55
55
50
55
60
52
47
74
56
42
50
44
74
59
46
48
58
49
45
58
45
56
73
55
58
48
49
50
43
43
55
55
52
75
46
49
60
54
52
50
56
43
49
58
41
60
57
44
53
41
43
74
60
58
52
73
48
42
44
47
60
42
52
49
55
58
56
52
46
54
44
46
50
44
58
44
56
48
60
43
47
57
46
60
73
55
54
54
57
74
49
46
43
49
59
42
56
52
50
55
75
59
47
43
54
41
74
45
51
74
60
60
48
53
52
57
53
41
56
60
54
50
56
46
57
48
58
56
47
52
57
55
45
45
51
47
53
49
44
54
49
45
49
58
56
44
44
47
60
49
160
41
73
42
75
49
53
52
52
54
53
59
49
59
52
42
73
49
60
53
73
56
75
53
46
48
47
60
47
42
48
41
57
60
47
44
47
58
42
55
44
43
51
46
41
44
50
43
75
54
48
47
54
46
41
50
54
60
41
43
46
59
73
45
50
59
47
52
46
44
45
45
53
59
60
48
58
52
50
49
41
52
54
74
53
54
46
44
74
74
56
74
49
50
57
43
73
48
41
45
41
52
43
45
48
55
42
56
57
52
45
43
49
50
47
55
160
48
59
60
50
58
51
53
54
58
53
48
59
51
53
50
75
53
73
52
53
73
53
49
74
56
50
43
49
73
45
45
73
54
60
73
46
48
55
41
53
57
43
50
56
59
50
60
46
54
59
41
55
73
50
74
41
44
57
56
47
45
46
51
44
53
74
45
49
57
45
47
56
73
52
43
42
54
73
47
56
46
49
74
47
45
160
51
41
73
53
51
45
58
46
51
48
48
42
59
74
51
50
42
59
59
42
41
43
60
74
54
44
58
54
53
41
42
47
44
51
46
160
59
74
46
47
55
46
60
44
57
57
42
43
48
47
45
50
43
54
62
61
61
61
62
62
61
62
61
164
63
62
61
62
61
62
62
61
61
61
61
63
62
62
62
61
62
63
62
61
62
164
61
164
61
62
63
61
61
61
61
61
62
62
62
63
61
62
62
63
61
62
62
61
62
62
61
61
62
