249
419
18
53
194
4
7
195
5
9
9
17
1
74
1
382
46
23
4
0
264
68
19
7
46
141
375
18
0
0
240
0
74
0
15
0
5
4
322
141
9
1
41
9
0
0
5
164
215
7
4
173
4
5
48
6
17
15
5
9
31
17
11
1
11
34
293
4
41
7
34
31
0
38
41
94
30
0
103
62
34
4
41
4
9
232
126
5
0
1
1
307
4
9
97
321
216
169
1
132
11
78
0
7
4
17
9
1
0
409
1
46
11
4
6
6
2
46
7
5
0
1
0
9
0
4
12
1
111
1
4
41
5
4
7
17
229
4
9
5
325
381
1
5
1
0
41
9
17
292
269
180
4
9
305
4
241
349
25
201
17
4
1
167
0
0
1
0
4
9
5
46
41
32
5
4
167
4
0
4
6
118
48
0
127
5
4
0
41
4
85
4
126
4
0
4
1
401
252
36
6
0
0
0
4
0
36
0
17
104
361
4
31
0
5
31
4
0
150
4
0
31
4
5
156
4
6
6
34
0
7
6
20
106
6
1
46
9
286
69
0
0
9
4
4
26
80
6
17
1
0
151
121
235
62
5
0
0
60
0
4
4
0
5
228
102
9
4
11
16
1
4
230
161
304
5
4
31
46
4
0
0
0
0
0
4
84
6
5
46
0
0
6
4
4
7
83
0
254
61
128
121
4
6
4
243
4
4
17
44
0
20
0
118
4
345
9
148
5
304
160
4
62
116
279
1
0
6
0
0
183
0
41
48
5
9
0
5
20
0
62
1
1
0
352
0
6
164
1
17
48
0
5
56
4
312
1
80
1
9
2
48
5
5
0
0
0
0
399
113
0
17
4
132
4
0
5
168
5
0
49
41
4
0
233
1
386
372
245
0
342
5
298
4
19
9
0
17
43
48
40
0
92
9
17
4
61
9
4
17
97
7
0
1
4
7
46
6
11
374
207
88
77
27
252
5
4
4
103
0
46
76
0
0
4
0
0
1
103
6
0
7
284
7
34
9
270
270
318
16
6
272
377
1
4
0
101
4
4
62
382
41
307
30
4
4
48
34
254
204
214
223
392
0
19
86
62
4
63
0
7
4
172
0
4
7
1
17
1
9
283
6
4
62
19
9
20
6
92
6
0
23
0
55
163
7
0
17
4
0
1
32
152
48
6
9
63
41
48
19
26
19
9
4
271
9
34
9
385
31
34
5
46
72
4
23
137
34
31
132
160
4
0
62
4
62
220
5
4
2
81
22
7
133
4
46
0
5
9
4
401
0
16
316
4
115
9
7
20
76
4
79
171
0
26
9
4
0
48
4
53
4
4
17
26
9
0
11
9
0
4
40
5
5
7
281
9
52
9
4
9
273
9
162
5
6
11
0
4
4
46
0
4
46
0
4
76
0
6
4
205
9
62
166
39
1
186
4
4
46
182
149
141
15
17
0
4
5
7
48
0
11
336
9
0
0
170
150
0
136
257
48
191
4
55
48
10
145
4
1
258
9
62
11
48
4
9
278
4
4
1
6
0
1
280
280
9
304
0
0
25
246
9
4
4
5
4
1
0
1
6
1
31
1
0
0
0
80
66
4
46
160
283
0
5
0
6
46
0
4
7
0
9
276
1
9
0
4
17
0
5
76
151
48
76
4
4
6
171
0
17
4
17
4
10
5
0
4
4
1
238
395
122
11
5
5
76
0
1
41
6
62
76
246
0
62
5
62
9
4
0
9
6
264
0
34
0
15
161
7
53
9
0
2
0
5
14
4
4
4
0
0
4
7
7
5
0
5
1
49
9
7
4
5
23
74
4
0
34
239
0
39
1
4
49
1
9
112
7
158
202
4
4
0
41
351
9
3
398
148
4
185
4
4
4
6
181
0
0
1
298
288
9
412
0
16
82
0
1
1
17
64
332
9
20
9
9
376
0
20
98
0
31
360
88
4
0
5
4
361
1
4
1
70
47
123
113
347
1
405
17
257
196
318
230
1
271
0
181
229
302
0
9
283
283
1
0
41
0
0
7
33
0
15
5
19
6
121
409
0
15
4
6
17
31
9
4
0
0
0
7
273
4
1
368
7
0
80
31
0
4
56
46
4
5
0
4
99
6
9
5
250
9
5
9
1
0
4
6
4
85
0
5
3
31
4
4
348
46
9
42
34
0
7
6
0
108
4
365
11
196
34
50
4
5
4
25
17
10
0
5
1
9
74
4
4
4
19
11
0
5
11
26
123
10
31
7
306
0
0
17
5
15
56
7
0
202
352
62
62
0
4
64
26
26
11
23
0
0
7
266
266
272
6
9
0
1
9
1
31
0
4
23
4
48
67
20
22
5
6
10
0
155
125
125
41
7
9
7
247
7
31
62
9
4
251
4
135
93
6
4
0
4
26
4
113
0
0
41
4
19
285
129
64
7
34
5
387
14
343
420
1
34
48
4
123
33
403
403
0
116
416
4
1
196
240
196
0
4
4
0
31
4
52
17
26
34
418
1
0
5
4
340
4
17
0
0
352
407
4
9
267
26
5
68
0
7
79
4
277
9
4
4
4
17
308
5
0
289
245
41
4
83
209
1
1
59
415
4
371
357
4
26
0
9
316
0
87
0
4
6
34
54
72
0
175
4
4
17
362
41
177
9
4
0
0
4
0
5
113
4
4
158
1
39
308
5
7
9
7
9
0
232
20
278
245
5
31
1
0
328
1
4
4
0
0
56
83
6
4
34
1
113
1
219
4
4
4
36
0
147
41
62
5
148
0
9
0
46
268
4
26
0
34
0
357
0
0
4
4
0
1
296
272
4
1
154
9
20
103
5
4
7
40
0
179
41
9
15
45
41
65
85
1
5
262
0
9
4
4
0
0
0
176
0
203
320
6
0
41
9
97
21
11
4
17
7
62
48
188
0
0
34
6
62
416
0
286
0
207
6
41
6
346
92
56
4
20
19
250
4
153
42
253
41
4
5
0
6
76
198
4
0
10
4
188
38
12
0
0
88
248
102
1
62
6
4
48
41
1
17
19
8
11
62
5
20
0
4
0
310
191
83
17
20
5
41
15
17
345
191
76
4
1
16
1
129
7
0
41
1
60
0
4
235
34
16
274
113
4
406
0
34
95
0
6
54
0
5
48
4
246
34
4
105
0
0
9
391
21
9
0
64
9
48
0
6
1
16
4
9
0
41
31
41
0
17
4
1
6
62
5
251
11
5
5
4
9
48
17
10
245
0
5
198
62
0
15
4
5
36
9
9
4
156
4
34
26
6
9
5
6
0
4
268
1
4
4
0
0
4
160
203
398
0
17
0
4
34
4
46
34
7
7
76
1
9
4
0
345
4
6
0
0
42
19
4
5
9
1
0
87
4
316
389
0
0
389
0
0
9
85
4
0
5
0
221
5
4
9
4
4
19
4
25
59
4
9
4
62
199
34
260
316
0
211
93
5
7
34
5
4
298
4
140
6
62
9
227
227
4
42
355
34
5
293
4
0
17
9
380
0
275
275
0
34
34
249
196
7
307
243
4
7
130
19
301
77
0
7
188
0
62
4
0
4
28
0
1
4
394
5
0
6
97
4
9
1
5
4
64
218
4
5
17
9
41
11
4
11
172
56
161
41
0
0
11
112
1
5
4
0
195
4
0
9
213
131
0
0
62
1
34
1
248
0
9
1
0
9
9
314
34
254
4
40
22
1
204
10
9
206
1
20
62
34
7
7
7
174
122
0
0
6
313
0
9
27
15
56
1
0
62
5
245
4
17
15
0
4
4
4
34
17
4
4
4
4
23
297
10
119
0
5
26
11
5
41
29
4
307
159
0
15
4
255
15
83
26
0
415
0
1
250
9
10
0
5
41
0
17
367
3
312
48
193
4
377
96
34
0
17
100
30
62
11
0
11
4
17
386
371
7
46
9
6
4
20
351
1
9
7
48
34
121
330
226
4
7
10
4
4
159
329
0
0
6
41
0
56
9
4
127
267
62
94
173
85
4
1
0
11
384
240
1
330
4
0
5
26
106
296
35
7
125
4
383
7
61
6
367
1
19
34
0
162
0
323
31
334
256
4
4
36
1
4
17
46
222
5
10
4
5
0
53
23
4
1
135
0
4
0
4
9
320
45
0
390
4
4
9
23
4
4
4
18
162
4
17
4
0
0
6
6
6
0
10
225
6
31
17
384
324
242
0
34
4
1
4
0
5
75
0
31
4
7
5
4
19
4
0
400
4
1
7
0
9
291
0
0
4
374
26
9
6
0
410
1
4
331
11
0
76
4
23
23
0
17
4
1
9
1
34
19
26
4
1
3
4
47
0
9
1
4
5
41
4
5
4
41
7
0
4
5
9
62
15
46
31
2
87
6
9
26
36
34
9
1
52
0
49
4
305
7
4
310
103
0
105
117
272
4
184
4
134
0
5
10
9
5
4
19
1
1
4
4
351
351
4
6
49
9
4
9
4
11
1
61
4
25
374
0
5
374
9
9
7
358
124
20
20
274
3
19
5
143
9
0
46
4
4
4
0
4
348
1
4
4
4
4
0
154
152
17
0
7
0
80
31
4
4
23
0
4
89
0
199
7
0
0
4
9
9
9
316
14
11
4
4
24
19
25
4
165
24
189
4
331
4
5
151
238
392
41
41
34
4
9
5
6
4
134
34
1
1
101
140
235
0
19
16
7
7
61
217
46
0
0
317
9
46
26
4
0
406
17
6
219
137
36
118
0
4
4
26
46
1
9
3
11
5
5
0
1
1
1
10
1
259
30
247
4
303
4
1
9
46
4
4
4
4
0
197
303
162
0
1
5
0
4
396
46
4
4
96
383
23
4
4
4
4
348
71
103
240
152
7
4
7
62
4
34
15
0
270
4
4
16
64
309
4
9
1
4
1
64
189
5
4
133
1
4
15
5
272
7
5
175
0
93
121
34
9
16
0
7
63
60
9
34
236
4
7
41
4
15
4
9
0
9
7
4
190
46
1
4
309
5
5
285
103
7
7
93
0
0
17
9
367
0
34
4
4
17
0
0
46
5
0
7
408
34
31
22
17
9
1
9
4
18
26
34
249
167
31
26
393
144
4
17
41
1
9
4
124
349
11
184
64
1
1
1
1
1
1
4
22
4
1
331
356
4
141
34
130
17
0
5
17
95
1
146
10
145
397
7
7
9
0
4
4
0
7
53
5
34
292
48
310
6
57
9
145
378
63
0
42
41
1
34
1
19
5
9
4
122
59
15
161
295
66
4
4
23
16
4
353
402
4
296
11
4
4
4
4
1
369
4
190
4
4
117
4
1
4
4
4
4
57
34
5
6
101
117
5
48
250
1
218
87
34
4
148
11
6
5
1
4
4
26
185
5
0
390
4
7
59
7
11
324
4
11
0
4
0
48
48
5
4
9
128
0
11
233
300
0
336
0
106
26
374
0
200
83
0
0
119
9
418
76
5
15
4
5
1
0
34
46
4
6
0
56
5
36
322
1
18
272
4
55
11
4
190
23
7
7
1
107
31
4
41
268
184
7
384
53
4
375
225
155
21
4
0
138
4
4
0
192
26
373
4
0
4
339
1
0
0
0
62
157
157
0
1
4
399
9
4
20
4
4
1
178
4
14
9
48
149
66
9
76
34
0
140
140
0
358
0
0
1
9
11
9
242
19
348
4
0
151
0
9
301
31
26
1
0
123
23
85
99
179
160
1
9
26
7
4
1
4
48
9
4
9
7
4
0
277
4
9
7
4
110
7
17
0
9
116
172
93
11
19
1
1
31
1
4
64
4
1
1
9
346
33
9
9
62
7
5
26
136
289
62
34
4
0
0
9
5
4
0
311
4
5
4
0
4
76
1
0
4
106
9
269
4
4
22
9
0
0
342
9
206
1
1
334
9
18
1
11
1
9
0
4
4
4
160
41
9
180
5
9
0
0
0
49
4
82
1
4
4
4
0
11
26
23
113
18
9
26
4
4
246
6
1
334
0
7
18
256
9
62
4
0
1
0
64
0
316
6
9
410
380
118
0
48
1
31
62
17
67
347
11
0
0
4
4
1
0
62
62
7
4
4
384
9
4
5
4
9
4
7
334
37
1
4
181
250
56
9
41
4
10
17
5
4
4
62
98
287
5
1
1
51
48
48
103
0
7
85
1
4
329
4
61
18
4
362
0
144
0
0
1
9
4
17
31
4
4
4
65
4
0
6
46
4
85
118
9
7
4
9
0
4
44
9
4
48
7
1
46
51
1
4
296
128
4
16
4
276
321
350
119
122
6
48
62
135
0
130
419
30
339
0
0
337
7
93
34
277
0
17
48
0
1
34
34
354
388
25
4
41
9
4
92
0
328
62
25
4
9
62
6
9
0
6
0
200
5
0
9
4
0
0
149
4
4
17
17
65
5
246
9
0
9
9
5
131
4
1
9
5
0
81
1
4
17
1
4
30
4
0
0
5
7
4
0
0
19
0
4
122
0
48
1
0
36
46
9
0
17
0
6
368
19
4
278
109
5
9
76
34
1
6
235
0
297
123
140
420
41
5
15
284
0
6
6
92
279
0
0
6
11
5
22
4
34
41
1
5
5
366
0
9
6
25
34
19
4
378
4
4
4
1
17
80
9
1
6
62
62
350
4
0
41
85
0
0
91
4
76
0
214
313
4
5
162
153
76
7
0
9
60
1
0
0
0
31
7
244
4
4
118
212
190
292
4
4
19
250
23
100
58
0
7
0
4
17
231
34
4
91
5
0
4
4
42
0
4
1
85
338
26
0
6
370
4
17
7
380
120
120
62
306
4
5
360
4
160
6
50
5
11
4
17
161
290
0
0
19
48
11
0
180
23
17
20
46
9
9
9
370
74
6
49
0
221
4
0
299
9
0
34
7
0
208
4
1
0
9
58
4
4
289
224
7
9
0
4
118
31
31
237
4
138
211
0
10
4
0
265
270
169
6
234
6
7
0
4
33
53
9
5
18
34
399
34
6
1
0
1
90
0
5
232
0
0
48
6
0
246
44
1
0
1
6
4
0
0
19
1
1
15
1
4
0
17
0
0
0
363
0
0
55
0
9
0
76
4
4
4
63
250
404
1
6
4
40
83
9
17
4
0
39
60
0
1
4
0
17
0
14
4
0
0
79
1
9
4
210
0
382
4
4
118
4
0
7
9
7
4
7
1
79
1
284
62
41
25
0
0
4
16
7
1
113
0
99
14
0
0
4
114
4
335
335
1
4
0
5
6
7
4
263
408
9
34
4
10
272
4
305
4
4
4
4
0
5
97
4
13
0
7
85
85
29
0
20
4
5
0
23
4
34
0
4
288
17
62
17
17
17
17
4
97
34
4
14
0
25
9
15
7
7
320
9
132
132
333
41
1
319
7
20
122
4
140
19
292
0
9
5
16
9
9
82
4
31
1
6
9
9
85
313
4
25
5
31
17
4
1
5
46
1
31
4
0
0
1
5
224
0
0
241
48
0
42
9
134
362
331
4
20
38
0
20
0
0
9
15
80
6
322
1
4
5
219
205
7
11
62
0
379
26
310
48
0
4
66
34
62
0
17
280
4
74
0
4
387
0
0
9
11
103
6
4
117
4
6
0
6
0
100
6
4
4
4
4
0
34
4
9
104
117
34
1
31
1
64
4
138
4
4
146
1
7
0
34
4
34
49
4
132
0
204
143
4
9
0
5
4
32
41
4
4
0
0
7
56
155
0
46
0
4
9
0
83
4
9
0
0
8
89
4
171
4
4
4
64
112
237
4
62
5
7
192
4
0
4
4
62
20
11
7
6
291
4
5
9
6
179
0
5
0
15
34
4
4
34
4
0
23
4
36
4
103
215
6
4
9
60
257
326
239
0
20
17
395
5
337
15
4
10
0
110
224
0
9
41
6
0
62
6
212
392
151
9
4
106
34
100
0
62
4
7
4
9
4
4
0
41
4
147
9
288
4
119
26
85
4
9
17
1
124
5
9
17
1
4
298
299
4
4
41
7
19
4
30
0
62
40
13
62
62
4
0
80
7
56
4
408
31
0
62
91
229
48
9
181
119
31
0
5
41
0
1
93
0
374
278
108
4
6
1
201
5
14
2
4
17
4
34
7
1
5
376
0
10
17
62
4
54
5
9
11
0
245
338
1
4
1
0
9
7
0
5
4
0
5
9
182
6
20
4
41
0
228
4
0
83
5
290
48
292
48
4
340
7
26
7
7
68
9
21
302
5
1
4
327
0
196
1
4
9
0
5
165
32
19
4
298
0
0
4
7
306
197
4
0
123
48
34
1
6
198
17
51
4
287
0
6
17
0
123
338
46
0
4
34
17
0
4
44
0
89
359
311
6
1
0
0
0
42
364
11
62
4
4
19
333
1
4
4
9
4
4
4
4
1
9
4
9
223
4
31
26
1
57
149
9
4
281
34
7
7
5
1
48
332
7
7
96
0
388
4
123
4
151
7
4
118
5
322
299
6
160
9
5
11
11
9
226
1
38
20
0
6
347
9
0
166
4
4
0
4
113
0
6
4
30
4
4
4
7
41
4
19
0
46
62
0
4
0
9
9
0
0
9
34
1
9
213
1
6
7
417
34
9
85
34
15
0
0
76
5
5
6
283
4
5
0
5
163
1
233
17
252
34
5
296
129
100
1
7
34
34
0
28
7
4
75
217
306
7
7
7
3
0
0
31
17
0
1
15
4
4
19
119
4
48
0
5
341
4
4
5
36
1
15
107
1
7
4
249
4
4
0
0
0
123
9
4
7
326
157
5
5
4
9
5
34
0
170
7
260
5
51
66
413
80
6
0
9
4
34
1
0
0
140
34
183
0
7
5
9
4
0
18
0
62
129
4
19
17
5
310
4
4
0
5
6
355
4
411
0
4
0
4
0
394
136
236
236
4
178
420
7
4
11
17
10
289
11
362
176
0
122
4
0
39
205
5
397
1
0
4
141
1
6
234
144
31
9
0
0
9
46
4
21
4
0
0
19
0
0
6
6
5
4
0
6
0
4
76
0
0
20
204
0
4
4
17
4
0
16
4
0
62
1
1
4
10
1
0
9
226
10
0
66
245
413
5
23
364
0
0
17
261
55
187
1
10
9
0
178
88
88
19
0
262
0
9
1
171
25
9
34
63
1
48
1
9
78
4
0
9
1
31
0
2
0
20
192
0
319
48
7
17
4
0
0
4
0
78
344
7
0
4
9
4
9
4
4
0
4
4
34
294
64
190
4
4
387
4
4
34
31
0
5
0
9
318
4
7
7
6
408
19
5
20
76
0
23
0
0
0
0
31
34
20
389
4
6
22
291
365
7
0
250
405
0
23
0
65
19
0
14
270
7
9
130
4
270
4
7
7
308
17
4
4
4
34
0
4
7
4
4
34
4
4
10
0
4
31
149
31
149
11
5
46
46
64
0
118
103
9
31
17
123
19
19
0
6
5
40
6
41
0
4
9
34
9
4
0
4
0
359
20
10
0
10
0
0
4
41
414
5
34
369
48
9
48
169
5
5
34
41
7
0
11
211
253
396
0
210
1
84
0
4
0
48
4
269
6
5
9
9
0
154
5
0
379
246
4
41
0
342
0
41
0
168
4
4
4
42
9
48
0
209
204
36
174
59
76
31
46
1
34
0
7
4
7
26
0
34
34
4
121
62
6
0
0
34
0
118
0
4
4
48
285
46
19
1
185
34
43
16
91
20
1
0
73
17
131
9
4
159
1
7
34
325
270
185
185
103
4
4
7
4
4
4
9
149
96
4
190
4
164
34
263
4
78
1
4
1
4
4
138
1
23
64
15
5
4
4
4
9
195
195
67
148
4
4
4
31
113
4
6
23
4
23
46
7
216
9
26
4
0
0
282
4
223
4
0
0
1
7
315
4
9
0
44
0
0
4
0
5
44
108
44
4
142
1
38
110
4
16
4
0
384
1
278
31
0
7
4
66
34
7
1
64
1
0
4
48
4
0
79
208
17
41
1
9
142
36
10
76
46
15
1
9
25
41
69
10
5
9
7
9
16
55
4
0
10
0
0
327
0
4
9
63
231
1
222
33
6
17
6
26
0
30
7
30
4
6
1
108
1
0
64
1
343
49
53
0
4
4
4
4
4
4
11
19
122
44
108
0
123
17
4
0
5
1
11
82
17
4
41
5
17
90
5
7
31
20
20
344
294
384
313
25
85
62
282
4
4
10
4
9
34
4
0
115
4
310
0
4
4
17
225
4
9
25
7
152
7
407
52
1
4
0
14
0
10
4
7
4
0
0
4
4
20
19
1
0
10
5
4
9
22
7
11
4
5
5
0
315
4
9
1
18
20
4
0
17
9
265
4
4
4
142
142
0
0
0
9
1
15
354
285
4
7
5
4
7
36
4
1
83
4
4
4
4
0
4
5
17
34
4
138
388
0
403
0
0
5
9
16
10
1
5
0
0
9
1
0
194
16
4
4
62
6
4
215
279
4
9
404
34
34
49
260
17
9
4
124
4
339
4
190
4
4
4
4
0
5
304
178
4
0
385
9
9
33
9
4
4
0
7
0
17
1
138
0
85
5
128
393
53
0
246
83
73
5
0
287
8
204
53
0
11
0
150
4
0
74
6
15
6
4
0
17
5
9
4
5
4
1
0
196
1
4
0
4
4
46
9
4
85
5
4
0
9
7
4
186
91
0
34
6
4
313
0
4
9
6
5
278
34
34
111
9
190
55
34
11
139
9
17
138
44
62
5
0
4
9
0
5
31
122
4
178
178
64
4
4
12
4
0
0
0
295
4
17
9
4
4
42
4
139
0
0
372
34
6
0
1
0
236
1
0
4
250
19
0
5
5
7
4
0
41
4
17
241
0
244
341
4
332
381
1
35
23
4
4
0
4
398
411
0
0
1
70
0
34
7
80
0
59
4
177
0
1
4
4
7
4
34
138
24
34
4
0
4
0
5
103
34
4
6
394
5
9
4
0
0
0
9
4
31
9
4
4
34
17
4
4
4
4
5
7
109
355
0
238
9
386
48
0
50
229
4
79
4
142
11
0
0
220
11
0
151
7
412
0
6
41
356
5
133
81
4
4
7
299
0
4
6
4
31
0
210
30
20
4
1
17
0
31
11
1
149
0
70
4
46
4
353
168
255
11
181
62
5
4
62
41
18
0
0
314
0
4
7
297
0
0
0
4
4
4
41
86
0
171
0
0
62
6
6
4
50
1
41
0
6
62
30
6
0
7
114
4
83
391
4
9
20
55
41
1
143
6
414
0
0
196
22
204
135
0
6
7
7
176
0
384
5
23
6
0
9
9
9
158
9
1
71
23
4
0
18
0
9
26
4
259
10
323
16
4
46
1
0
9
400
5
113
76
4
15
9
256
110
4
131
231
8
129
9
5
11
10
0
4
6
46
0
9
4
0
4
4
300
52
34
62
17
41
294
0
59
402
253
7
4
4
26
9
4
4
0
151
10
41
4
4
5
9
4
0
10
4
4
4
9
53
37
4
0
7
5
4
4
4
0
113
11
85
4
245
363
0
17
278
4
317
0
187
21
351
413
258
351
0
0
9
417
23
4
7
1
413
226
6
6
4
4
7
4
5
4
138
4
4
34
259
309
0
1
1
4
1
124
4
103
237
4
16
304
34
7
30
1
1
73
3
361
390
9
9
126
304
9
4
4
64
1
26
1
9
9
4
5
46
26
18
9
30
21
18
4
256
193
38
0
4
88
2
5
9
7
41
26
4
0
36
4
5
80
0
0
9
5
0
48
38
0
119
119
4
4
366
62
15
4
4
7
6
0
0
237
11
413
1
0
202
1
1
62
1
0
413
4
1
1
1
9
34
185
1
4
261
0
1
88
4
9
11
1
0
17
5
0
5
0
9
306
7
1
159
48
1
0