20
427
385
152
98
462
442
162
105
149
490
232
376
543
327
541
417
348
314
52
407
88
356
512
57
242
439
301
52
332
459
141
451
341
329
417
269
380
281
325
90
354
130
527
117
268
520
443
520
534
490
437
36
153
157
424
567
41
543
174
101
254
109
418
562
92
154
76
76
568
393
565
499
347
270
473
568
217
442
77
440
393
478
394
410
132
422
18
22
383
426
463
324
20
402
446
389
261
128
234
474
399
33
63
111
234
11
439
142
336
457
500
567
178
541
540
41
317
109
12
177
275
320
317
94
420
432
320
432
294
171
316
610
317
391
322
219
300
154
177
585
575
324
20
139
472
110
279
34
340
542
429
209
91
542
542
368
350
314
114
300
200
493
190
561
347
155
307
155
194
437
330
533
547
326
289
380
451
513
328
72
316
553
250
408
307
564
267
68
185
348
572
565
522
117
131
238
160
114
231
70
433
591
234
23
590
177
531
453
181
340
342
517
270
0
372
320
476
403
562
469
613
603
193
222
213
291
275
241
126
255
548
282
256
93
223
27
208
611
279
40
406
339
166
78
183
145
604
271
475
425
207
379
516
300
336
463
389
16
7
194
310
131
490
318
22
256
397
183
290
281
485
89
263
272
548
251
547
235
213
413
10
453
190
268
546
427
330
551
197
273
8
35
167
598
137
380
369
121
259
346
587
587
571
87
225
457
424
585
262
54
207
616
617
66
462
237
98
476
265
585
585
243
594
262
595
583
89
483
85
181
332
112
345
8
305
348
85
75
440
74
429
33
145
5
586
226
32
329
447
183
85
489
61
337
173
340
531
483
584
113
67
20
374
549
592
161
485
500
500
257
84
498
295
8
498
265
106
499
204
593
300
103
573
590
253
147
116
337
193
588
609
104
351
19
141
530
89
233
34
426
587
158
38
402
305
579
323
189
531
521
32
458
161
119
420
90
377
88
321
195
340
9
322
529
521
517
521
328
287
132
54
561
517
537
414
436
485
324
120
94
536
561
169
361
366
452
475
518
204
289
0
367
68
45
77
224
245
75
289
478
129
340
372
411
148
311
173
473
523
462
144
325
444
200
270
249
24
52
16
246
56
164
0
591
430
242
588
447
434
330
175
612
432
553
595
428
178
616
241
202
306
242
554
280
491
191
311
492
116
207
512
356
48
186
183
248
202
391
466
60
0
408
255
192
284
275
274
1
231
202
361
364
244
246
230
466
547
617
64
259
210
166
196
164
412
70
359
192
236
333
344
311
471
227
414
433
474
242
547
469
537
593
134
520
295
291
482
176
6
179
294
77
390
320
54
602
592
560
212
582
40
0
439
394
449
465
523
428
57
611
48
150
79
92
87
14
336
11
503
72
113
250
123
72
64
469
375
249
152
292
96
104
21
229
28
540
354
509
551
70
441
570
466
204
131
26
205
79
1
23
441
286
3
508
129
414
506
174
149
136
354
242
2
458
138
152
105
219
517
551
443
17
148
149
464
127
373
405
174
167
574
344
68
571
75
6
7
93
203
192
180
293
383
38
345
9
248
245
158
247
461
162
338
83
137
18
53
563
358
615
370
422
65
134
118
475
503
612
31
437
437
504
242
244
61
418
70
342
359
161
332
599
297
258
304
450
109
310
560
47
275
373
241
116
407
136
236
73
167
450
97
412
504
462
124
218
71
36
448
379
441
78
252
509
507
234
613
252
551
233
145
16
271
440
315
435
570
506
371
269
140
573
127
390
248
552
433
421
614
493
396
15
300
55
232
46
436
507
222
25
250
124
560
555
37
420
368
555
163
509
205
226
516
407
589
541
214
434
35
267
318
353
361
310
341
85
385
341
423
102
40
365
445
113
394
254
275
30
506
605
82
254
506
358
164
400
450
308
84
116
456
341
216
90
51
517
519
287
582
104
4
508
387
369
609
598
454
368
366
417
452
402
549
46
452
137
472
396
0
494
491
215
282
238
231
485
553
369
107
337
126
400
218
367
563
430
94
17
364
472
125
307
30
58
264
463
488
10
171
485
32
348
111
436
157
155
597
307
152
74
445
464
481
475
135
466
236
238
502
466
181
93
328
41
118
46
110
525
541
54
27
106
194
297
134
464
70
251
107
516
514
490
527
185
438
325
198
520
38
172
397
364
25
357
244
266
110
6
196
578
228
393
3
245
227
187
501
279
508
27
578
430
10
576
556
297
435
6
420
459
151
86
59
181
507
303
205
55
291
62
549
37
570
544
193
74
520
520
553
7
530
502
493
551
309
597
219
616
76
613
266
116
3
13
391
88
342
364
127
416
208
97
152
467
383
547
315
252
447
101
217
291
523
355
51
316
414
338
325
476
315
392
543
221
122
593
1
342
173
357
558
227
191
372
565
168
19
263
351
479
161
124
97
92
410
552
170
132
148
111
492
259
256
122
246
182
180
181
149
428
374
490
431
175
557
558
174
63
168
474
480
362
249
23
230
389
493
2
539
535
458
13
340
333
442
529
262
379
470
550
583
356
187
105
182
546
92
364
593
330
259
193
525
318
113
356
45
456
5
193
593
202
463
171
608
79
365
332
608
274
61
323
239
477
313
55
368
106
5
206
278
334
421
473
465
34
75
438
171
353
398
224
182
396
261
192
267
577
159
537
131
535
105
501
415
576
409
419
43
535
507
452
513
345
569
538
270
609
399
437
589
151
258
272
427
535
85
85
89
527
346
309
101
177
593
376
391
562
424
415
390
261
611
183
85
448
269
314
51
483
234
9
374
483
123
430
49
297
592
241
589
445
39
159
232
290
223
594
283
344
467
612
8
68
508
195
249
242
359
394
373
306
234
540
299
555
50
312
564
477
533
53
612
134
129
179
48
335
386
396
419
500
228
271
285
237
326
40
15
67
245
494
303
508
59
290
58
90
468
240
307
501
227
455
445
212
303
64
576
370
80
187
69
428
360
215
121
38
542
77
232
198
103
180
298
293
313
178
257
280
61
614
203
299
215
330
504
343
190
567
195
466
350
517
211
134
322
307
96
455
34
510
411
273
34
499
94
91
564
280
46
301
141
547
138
390
112
467
565
596
236
106
111
209
378
478
312
37
301
499
183
106
263
142
477
554
211
538
391
16
276
333
329
237
337
29
218
184
401
286
287
13
266
507
502
305
232
399
538
43
312
494
305
383
143
502
320
115
368
508
356
380
497
257
537
37
180
392
80
65
73
112
581
76
405
454
612
541
579
122
209
414
152
366
495
119
159
189
211
578
199
220
250
585
324
126
505
114
536
191
309
9
42
300
250
210
216
464
485
341
532
528
310
223
104
480
151
57
435
608
508
239
479
481
522
377
578
26
203
565
613
163
5
205
457
292
572
515
604
268
419
193
40
487
103
460
597
472
463
593
530
445
484
437
73
288
413
115
509
496
79
362
347
358
51
287
613
343
435
349
68
352
228
590
108
22
27
422
283
405
67
283
133
155
165
358
545
559
533
316
174
545
599
505
121
184
211
175
218
491
386
371
122
105
584
140
576
122
74
514
66
158
10
216
432
278
578
388
223
303
483
59
347
330
135
298
30
314
435
329
303
207
58
610
125
181
146
154
459
400
221
379
252
256
403
189
222
19
357
474
78
552
586
307
314
563
426
228
549
558
107
568
296
274
183
293
566
102
216
142
127
373
467
440
465
243
364
153
565
456
247
446
114
86
403
329
420
16
111
338
107
588
133
86
543
113
465
195
379
130
259
312
115
168
194
137
56
482
255
384
366
463
248
432
431
132
446
501
156
4
162
275
544
395
555
25
602
184
363
302
265
533
568
16
100
213
298
150
468
451
476
397
239
87
234
15
501
339
329
575
487
171
594
304
190
190
546
386
69
471
387
156
432
562
415
288
406
519
389
464
425
283
79
602
523
220
60
457
546
373
550
86
137
43
583
408
378
113
75
99
239
108
172
145
444
294
529
116
151
91
355
54
201
229
528
199
410
8
387
536
200
323
375
116
587
614
30
398
605
214
399
319
332
13
612
170
421
529
392
487
516
236
517
579
285
89
547
401
371
145
243
519
37
70
62
230
263
488
579
504
235
426
199
374
219
362
131
553
62
267
86
243
180
222
270
82
150
310
58
489
206
160
405
514
382
599
602
586
378
86
598
530
184
514
170
60
132
133
118
137
477
415
389
42
560
30
511
422
304
325
167
82
351
131
546
153
541
323
311
265
536
205
461
56
367
88
352
59
353
100
374
25
229
538
405
268
388
296
12
592
9
512
617
31
205
567
169
267
80
12
266
230
616
465
372
73
58
559
423
472
219
115
614
289
362
318
418
110
476
153
495
462
84
555
290
10
48
427
200
117
70
260
484
255
193
374
233
528
53
310
581
485
329
369
464
211
199
39
155
214
199
280
498
250
613
43
13
388
546
510
31
142
202
41
129
27
167
156
488
588
278
175
303
423
448
599
495
297
575
559
260
404
14
351
17
518
199
169
412
617
173
550
615
119
349
589
31
155
502
471
231
311
572
426
206
93
366
488
528
308
441
161
335
536
323
552
492
228
390
43
590
180
160
71
222
270
198
239
450
166
127
124
331
435
275
406
512
29
4
37
327
66
125
344
167
220
588
120
95
105
69
80
108
562
609
515
150
324
344
153
487
128
217
365
598
587
405
107
115
550
604
287
257
163
78
490
24
384
75
470
65
603
488
271
72
471
84
572
434
197
313
197
531
78
103
187
268
566
336
138
477
89
607
136
606
467
302
436
544
142
372
266
507
481
521
94
519
523
136
513
485
592
82
496
36
617
360
78
73
557
400
598
317
526
376
308
156
363
482
253
607
246
196
359
515
29
504
568
4
569
311
226
8
245
518
246
594
501
205
153
4
49
221
522
276
254
261
375
574
511
514
252
298
299
433
156
286
10
319
350
526
584
283
341
97
86
503
138
254
128
152
99
539
253
604
289
583
282
165
293
130
372
528
387
38
125
570
314
556
547
597
245
433
202
34
433
302
189
48
191
364
156
503
104
345
454
124
197
224
369
573
556
208
591
208
557
185
69
512
268
399
22
178
449
177
469
26
200
112
394
100
28
325
601
264
326
93
447
369
148
322
83
537
52
304
352
26
584
362
57
590
20
207
385
576
248
527
615
50
339
530
178
269
3
509
341
319
589
165
485
416
353
279
597
67
210
600
373
327
460
94
579
399
489
63
456
473
44
46
269
406
146
189
438
392
289
53
277
163
522
144
72
116
277
309
402
447
233
74
358
518
251
149
31
460
2
5
285
255
403
258
556
154
566
413
342
460
382
253
497
515
269
559
41
36
165
475
226
305
402
569
552
29
224
104
232
301
15
402
253
11
490
586
432
130
292
252
535
121
328
575
57
154
581
538
318
452
389
227
294
157
233
327
567
123
490
525
525
352
289
101
345
574
376
141
0
65
476
237
38
185
406
603
374
360
44
28
429
456
339
430
59
9
139
475
352
362
190
462
413
9
32
601
424
54
366
157
345
456
578
187
289
373
395
101
287
346
491
524
29
564
574
409
453
609
137
571
491
339
225
338
13
55
308
326
425
189
306
276
88
186
443
476
321
463
127
107
421
292
413
569
328
57
458
411
422
471
376
418
144
17
605
110
169
510
226
399
253
239
455
129
141
219
247
133
318
99
506
78
319
598
87
479
231
588
53
610
522
231
293
442
296
577
233
240
438
571
413
381
81
372
64
398
352
401
334
355
338
244
529
457
114
138
404
487
339
612
235
319
2
284
320
458
149
438
572
409
600
441
264
438
329
195
500
45
397
349
599
152
173
229
33
608
450
567
321
295
80
144
423
540
97
99
429
356
535
297
39
7
203
392
85
571
426
352
18
388
401
287
61
360
302
471
410
487
395
606
457
354
379
163
409
456
581
486
419
486
218
452
474
369
121
459
73
308
288
140
409
34
83
149
486
65
196
182
477
39
150
162
615
609
196
236
300
499
291
575
396
6
186
267
510
112
333
53
272
581
346
527
136
36
563
60
559
203
286
614
285
238
586
15
88
182
415
541
423
322
375
171
227
472
336
500
256
95
132
523
294
69
132
169
363
562
577
465
558
230
78
604
556
321
320
493
161
4
545
292
395
516
310
208
494
309
238
114
606
335
521
277
580
225
478
409
468
192
216
379
364
258
377
243
100
316
495
182
14
285
574
141
459
561
164
413
550
480
442
396
245
162
273
363
459
225
71
371
146
111
548
559
434
8
426
593
601
412
179
250
252
55
272
81
3
19
288
166
336
269
59
496
390
293
496
225
511
295
106
272
387
483
82
74
430
122
200
282
41
290
422
417
94
414
84
385
212
479
501
212
370
104
264
102
286
28
495
306
315
525
104
178
433
386
392
172
49
496
402
436
245
571
473
411
328
19
161
508
460
90
474
545
581
249
554
462
249
135
574
588
506
211
163
96
414
203
433
447
230
584
54
321
570
604
362
584
481
461
428
564
493
224
434
434
535
117
229
218
87
586
605
286
441
217
382
583
606
355
179
62
363
51
497
174
299
33
167
583
102
478
473
147
594
479
450
194
212
304
332
301
255
23
314
309
91
146
240
303
102
560
491
455
229
607
80
342
587
388
50
118
234
2
450
384
29
406
220
158
63
368
267
548
610
351
302
407
320
465
440
555
56
511
586
286
355
570
97
143
211
512
428
109
475
367
609
558
41
487
370
553
27
272
296
282
332
369
285
239
228
141
563
133
87
284
3
49
276
37
376
467
218
184
482
276
49
393
98
561
495
592
269
128
475
216
417
450
366
480
6
346
117
609
251
318
258
7
120
50
504
550
383
298
358
295
299
295
361
11
134
103
254
565
252
92
288
457
251
600
306
436
77
2
59
443
254
326
67
382
0
405
538
494
429
382
147
128
596
240
115
173
291
580
492
30
595
497
157
294
469
363
146
422
303
207
114
26
526
200
516
260
168
40
479
497
292
21
14
590
164
594
484
175
58
408
458
283
341
448
330
93
140
486
144
572
288
292
343
605
170
357
185
201
1
5
126
408
166
126
537
490
438
519
1
404
597
62
306
117
606
74
142
573
611
217
7
359
210
120
74
216
131
199
62
551
484
107
61
192
255
261
15
161
500
360
417
162
409
158
605
80
42
186
101
510
301
353
6
350
513
109
221
418
375
211
415
323
174
296
136
601
21
318
325
185
301
391
498
160
220
455
315
444
592
438
482
35
526
449
480
526
421
497
76
288
111
23
83
469
528
121
537
21
559
331
558
529
445
158
124
260
410
19
591
189
528
182
136
296
176
82
478
226
539
177
479
422
52
470
33
35
458
126
15
393
398
403
258
517
142
247
595
449
356
313
603
390
559
365
281
557
290
96
545
480
480
614
331
196
179
605
159
147
184
265
113
349
98
418
615
135
533
238
477
218
166
473
352
544
98
125
368
451
264
206
67
419
35
157
360
481
284
399
209
260
290
407
120
187
561
538
124
412
495
20
548
91
124
534
197
413
552
257
560
232
252
319
53
539
262
209
153
238
111
403
204
274
15
38
349
179
565
160
207
150
451
18
191
266
527
554
420
478
82
557
36
373
383
64
95
457
598
347
511
39
22
42
172
90
86
42
13
478
534
468
175
418
60
135
159
31
377
260
600
155
443
151
503
273
591
141
591
561
609
617
429
496
546
110
17
358
348
46
157
159
343
15
524
266
376
109
36
470
488
256
123
103
398
415
567
24
286
322
587
82
453
567
172
33
370
383
193
359
576
404
140
130
595
531
81
197
377
532
601
301
423
201
529
429
386
273
258
239
18
562
552
534
411
339
152
344
142
549
280
334
398
147
532
532
459
535
566
345
278
170
566
186
336
463
334
526
330
395
247
334
31
74
440
87
28
263
159
387
331
515
596
431
84
149
431
383
41
272
600
64
181
509
192
334
460
166
482
254
554
337
75
168
354
299
285
42
377
1
355
418
318
240
568
459
284
148
210
198
311
107
123
580
173
271
456
12
194
398
476
67
216
201
338
95
182
159
255
398
98
343
424
610
573
271
570
219
13
119
108
302
500
215
321
430
140
346
200
230
35
611
214
591
602
250
272
298
434
172
133
610
81
140
191
31
121
157
312
387
118
66
381
577
89
226
129
511
164
511
425
516
133
569
380
38
549
227
303
540
585
229
146
208
479
144
582
533
306
256
122
280
604
191
435
506
108
455
272
49
268
392
84
145
332
214
499
521
165
530
29
143
479
492
277
436
201
575
577
430
71
139
593
291
616
32
60
346
433
429
464
602
326
48
594
380
273
213
203
424
545
487
571
532
441
494
315
281
282
394
7
425
246
62
253
245
398
579
144
577
219
60
604
549
577
608
257
437
494
605
7
465
475
147
97
259
447
187
160
67
446
117
257
324
184
223
71
532
564
141
42
367
55
569
194
427
213
282
251
159
295
421
311
474
598
4
308
143
312
143
221
17
287
248
330
516
356
133
71
39
63
184
270
482
81
125
578
363
327
123
333
217
540
445
445
615
52
538
391
448
316
360
617
46
46
201
274
25
96
224
361
519
443
483
401
537
324
32
192
348
244
170
348
75
136
597
171
243
244
518
88
164
425
271
99
527
120
88
334
313
381
146
11
120
305
298
156
92
165
568
212
294
397
107
251
183
276
323
337
509
45
404
289
304
276
513
548
317
576
609
484
21
524
381
326
482
18
335
385
280
65
557
215
108
497
606
95
343
33
186
83
447
578
39
83
481
523
557
205
41
505
356
145
73
519
61
516
520
488
96
65
360
512
522
497
277
50
125
261
591
263
231
404
453
556
524
36
563
401
224
391
190
24
543
407
198
338
509
274
530
47
510
533
9
84
55
613
504
580
363
335
282
507
110
278
131
402
354
542
209
51
602
123
113
570
198
274
290
574
142
359
262
595
470
527
76
66
104
350
69
327
222
546
240
560
338
247
295
599
281
365
139
558
158
586
441
22
565
130
71
317
180
420
513
267
324
608
14
24
23
223
213
323
25
505
210
582
241
354
472
40
404
428
434
56
98
468
130
461
603
612
167
100
87
313
382
470
209
220
191
262
70
281
189
510
452
492
43
400
517
215
454
280
617
448
284
412
145
143
448
523
14
511
215
315
94
534
165
79
223
176
495
419
467
427
347
348
84
236
402
496
199
342
531
343
64
606
615
179
312
605
410
440
410
525
97
449
135
466
515
563
148
566
501
612
532
471
607
336
270
508
446
382
91
119
384
155
442
237
600
249
230
123
44
388
212
275
554
518
589
596
596
343
442
101
394
397
389
115
480
498
449
290
411
414
138
603
408
310
499
302
63
349
484
378
213
367
489
576
361
351
395
228
204
397
283
540
202
91
95
573
499
5
200
176
149
536
444
458
346
128
300
599
72
1
143
474
552
99
235
193
307
181
319
331
195
505
16
21
185
464
112
313
525
404
43
82
204
178
28
460
224
566
342
102
176
404
372
585
304
178
86
127
522
321
338
91
180
589
66
393
233
260
401
539
396
378
191
65
362
43
446
175
56
584
164
100
371
209
114
3
514
483
196
215
439
11
30
435
264
301
564
337
42
139
530
503
585
503
540
384
564
304
267
616
456
358
436
320
524
118
47
260
236
351
235
333
553
413
99
119
529
486
603
506
316
162
572
135
1
154
507
77
563
236
45
581
92
415
268
166
66
271
573
235
556
119
59
14
531
396
440
472
326
264
25
98
63
466
529
542
397
135
90
604
607
139
87
381
534
421
460
556
35
118
96
534
319
150
217
281
442
214
589
10
296
498
468
449
45
488
470
417
454
329
231
577
528
181
388
21
144
614
615
222
373
242
544
235
566
353
217
477
197
406
110
175
375
100
476
138
346
322
602
369
408
394
94
180
154
179
275
258
360
145
137
606
572
550
269
377
617
160
243
414
412
564
378
444
26
140
19
560
57
590
542
345
335
208
464
108
380
454
81
298
161
49
210
174
607
102
247
461
570
178
198
420
37
3
537
291
50
381
40
296
322
555
79
493
393
176
88
378
69
312
426
10
148
4
80
261
27
427
325
292
616
304
431
458
502
129
12
531
350
515
78
278
12
299
344
187
195
222
165
384
226
569
430
337
58
7
40
91
432
156
277
248
225
500
535
56
186
173
205
206
140
169
361
361
451
132
263
146
395
31
165
54
4
71
382
292
478
309
375
429
388
37
357
558
354
125
315
371
505
0
375
588
210
166
176
278
215
106
230
45
253
448
427
1
39
431
48
284
168
201
379
231
177
22
35
341
561
62
573
365
581
607
111
400
407
218
235
77
505
253
53
439
439
232
170
115
444
610
16
553
28
331
386
327
365
385
579
125
24
444
10
314
202
264
526
206
421
421
376
80
270
237
411
575
391
406
510
390
58
543
60
35
279
129
273
44
138
334
168
131
110
204
128
536
542
309
607
213
297
443
162
336
580
20
365
266
584
353
522
380
28
481
503
425
571
5
299
75
538
217
595
595
81
108
68
133
503
221
437
524
561
543
114
174
504
184
119
195
219
580
266
584
351
451
146
126
199
77
204
190
348
403
380
36
317
151
446
117
279
251
19
120
416
68
223
69
134
410
587
249
384
614
588
24
368
274
469
29
417
163
597
92
578
285
95
103
486
543
431
209
305
453
367
486
432
93
512
461
502
409
446
151
526
375
370
328
18
14
425
328
76
150
582
279
277
424
610
101
403
183
83
488
587
265
6
196
562
60
98
347
164
439
213
410
596
302
249
169
524
151
324
451
496
523
428
506
333
352
596
256
220
48
28
371
173
549
291
257
498
349
331
367
18
206
168
207
17
386
545
105
582
99
242
370
325
240
493
521
263
39
553
248
32
335
574
100
539
247
210
100
46
441
136
138
32
124
617
147
394
220
468
239
44
377
284
288
551
244
276
228
359
51
546
308
144
439
339
439
227
306
99
240
419
21
582
454
327
545
43
423
186
279
90
273
244
548
596
452
192
539
139
158
221
208
120
412
317
258
106
388
412
371
241
44
580
544
411
90
26
555
355
384
137
24
227
185
613
143
235
552
539
20
147
177
484
52
79
297
601
467
545
533
271
533
357
223
51
57
531
153
170
606
197
207
408
293
426
93
539
419
416
452
583
335
462
431
554
56
370
212
128
557
444
607
396
47
265
600
203
495
390
261
401
190
532
556
357
536
186
502
147
63
233
316
491
322
12
50
370
447
376
568
327
600
14
599
362
66
214
521
455
157
449
112
65
281
112
95
2
44
405
293
102
395
115
544
33
250
492
73
286
93
422
453
206
590
385
528
34
459
47
453
449
455
551
64
416
105
492
126
44
158
510
575
454
81
400
596
513
389
309
425
50
167
81
47
573
594
416
214
241
353
571
241
237
400
374
610
491
176
17
198
311
221
424
437
30
45
417
493
392
540
294
11
118
378
518
61
473
609
340
519
121
22
514
489
44
513
321
52
25
544
72
487
443
21
518
194
283
551
601
54
143
287
308
128
204
232
395
350
355
26
313
469
611
259
312
616
172
169
185
559
582
194
109
333
461
358
541
246
351
344
109
171
73
587
47
576
122
42
509
310
611
51
400
582
349
12
515
172
377
601
357
335
163
189
557
277
407
130
381
23
366
399
359
556
416
361
139
583
471
62
611
259
534
148
524
331
473
498
471
520
305
246
368
277
469
470
222
592
406
11
453
386
2
392
288
160
579
56
484
604
96
63
411
85
555
350
89
497
387
108
76
24
83
246
500
262
177
127
262
580
541
494
55
434
273
381
347
187
103
72
265
403
163
397
592
599
393
49
89
484
8
298
156
416
225
385
229
337
461
201
150
27
238
134
486
522
68
596
154
340
505
460
423
481
23
225
477
569
243
423
482
568
45
326
374
121
278
47
240
616
77
442
237
527
