47
800
924
348
320
760
793
271
36
284
51
828
820
618
3
619
478
937
535
58
540
6
292
995
151
384
571
10
59
203
987
966
628
630
875
355
332
813
459
755
2
948
120
699
305
358
688
105
689
576
863
782
386
309
384
810
731
56
732
373
872
409
64
839
566
34
21
428
425
646
868
932
644
111
458
771
646
388
791
11
795
845
685
868
535
316
959
244
207
813
858
54
249
203
856
632
859
498
895
383
648
846
230
74
335
403
922
806
242
878
639
530
682
27
718
718
51
892
64
141
986
408
817
892
923
517
807
817
570
439
367
915
679
913
451
866
148
141
252
339
677
896
249
47
395
771
77
440
905
900
686
790
291
153
661
705
312
336
909
112
169
62
585
456
566
955
283
143
339
37
901
761
712
707
186
346
813
626
992
200
188
915
606
100
544
150
930
342
196
310
123
780
932
659
107
122
380
330
71
998
201
784
710
383
243
665
438
713
759
354
900
893
737
837
134
968
818
711
146
567
842
594
613
954
448
837
333
383
396
80
67
714
38
414
102
259
991
436
706
162
45
542
901
324
329
326
428
501
283
574
755
154
824
597
169
879
54
860
161
127
14
916
761
55
136
221
413
850
321
322
459
827
12
494
247
622
433
707
416
263
531
133
753
311
358
650
800
215
667
429
471
130
206
320
675
783
820
239
115
419
877
604
528
774
10
300
639
805
741
493
69
874
736
716
181
67
378
83
711
344
720
720
280
649
492
507
577
215
863
23
353
880
71
880
130
486
939
25
862
793
462
479
62
89
92
597
404
224
875
633
324
25
568
222
887
347
898
713
828
624
70
349
221
999
573
714
364
827
637
696
420
24
695
458
131
708
452
154
708
540
505
169
65
773
736
434
93
202
185
954
746
694
198
36
867
57
692
89
384
490
798
726
318
48
856
486
720
519
452
684
672
910
751
327
4
968
231
155
67
816
255
899
777
34
654
672
671
608
232
471
862
118
479
672
525
209
278
834
516
9
766
673
570
267
472
893
626
652
936
461
254
488
935
195
329
11
300
271
91
346
685
118
899
450
546
97
917
881
897
512
320
87
172
981
142
458
392
794
58
386
405
208
462
402
710
811
388
551
634
802
912
332
648
810
606
674
809
632
640
396
467
160
388
723
822
523
296
923
620
202
145
278
788
408
340
969
158
467
363
670
223
346
544
105
441
61
410
483
132
275
295
944
961
389
405
274
574
527
524
234
420
288
317
429
265
538
764
906
447
538
889
874
917
762
299
209
804
604
341
707
841
525
653
101
689
340
363
46
149
129
343
439
26
871
817
118
740
526
562
277
731
211
270
807
951
901
769
605
797
125
706
183
284
17
40
39
230
918
920
607
187
765
419
109
922
190
842
964
392
852
831
65
198
207
273
14
719
893
735
709
536
956
730
654
460
140
243
270
26
132
0
792
474
138
686
117
209
675
373
285
931
195
402
230
323
464
347
14
254
672
667
982
564
97
285
279
86
998
846
374
864
732
1
196
776
91
129
30
2
359
213
943
215
814
49
891
235
475
390
946
453
894
314
248
29
100
245
959
582
966
725
894
563
181
452
204
574
598
596
206
782
782
733
388
90
225
840
851
890
228
327
147
645
442
400
149
635
66
919
562
756
906
999
397
202
541
63
399
204
438
900
967
538
598
796
406
631
185
219
983
823
793
294
238
521
599
403
594
434
667
385
92
220
43
794
916
167
526
675
970
275
216
773
86
871
165
503
810
556
593
585
843
247
168
113
395
107
782
700
451
192
410
238
722
530
311
797
350
728
56
530
463
404
597
555
703
718
826
807
229
342
902
255
475
907
627
25
921
898
554
872
92
947
632
768
868
412
401
233
668
681
422
409
669
957
331
844
287
145
23
203
636
627
284
5
564
726
506
60
693
338
410
662
866
875
694
675
754
317
389
361
630
856
560
157
628
293
772
15
358
581
524
141
40
453
997
830
606
239
31
912
80
854
328
974
565
766
5
352
934
813
338
160
233
822
492
463
689
242
750
829
382
939
148
785
45
313
656
143
478
222
955
279
646
666
881
645
375
228
674
645
354
900
883
56
204
17
78
578
619
366
208
327
252
439
99
767
851
409
31
691
727
54
729
478
128
172
345
688
48
948
911
961
192
907
387
217
78
129
261
667
359
848
133
271
121
318
641
458
502
33
545
311
248
615
622
442
454
128
968
751
156
176
861
354
599
170
463
113
491
489
573
225
500
575
761
248
689
688
590
131
692
674
717
580
908
605
155
669
425
594
452
212
80
218
319
931
914
987
8
994
424
967
165
701
839
707
768
406
287
19
381
363
698
949
171
915
988
160
755
512
908
869
732
276
153
653
132
890
347
912
702
298
300
465
106
929
415
496
70
545
250
408
752
40
536
503
369
111
93
308
620
418
413
153
66
413
490
342
627
786
999
831
808
317
590
728
373
2
533
568
621
861
391
57
290
867
585
91
570
579
961
219
899
888
791
715
496
820
841
748
735
952
398
768
414
690
947
934
505
884
418
159
578
136
867
952
394
367
139
186
505
154
50
360
734
17
967
145
734
483
222
249
990
561
801
114
265
154
137
362
114
928
557
771
770
236
184
128
367
569
847
301
483
843
495
464
433
671
397
525
931
644
364
641
989
603
534
537
765
514
599
629
995
880
617
560
481
600
127
258
703
158
400
481
797
740
980
25
12
504
880
975
872
130
653
822
363
567
803
985
258
498
589
835
25
983
336
909
563
830
383
235
965
828
110
811
176
443
614
397
549
632
173
253
157
322
304
513
473
41
829
648
126
195
502
486
391
379
396
938
997
70
383
719
169
747
175
920
931
616
528
162
515
101
118
768
174
860
860
843
518
637
347
986
43
228
862
227
246
428
264
581
166
686
477
445
456
260
603
81
142
721
2
764
980
250
166
190
615
339
21
318
194
809
983
170
115
49
661
26
348
390
73
943
635
758
909
179
415
456
758
593
460
757
948
215
711
902
210
682
815
670
372
671
257
455
41
150
66
763
162
778
547
480
905
708
917
39
932
437
17
375
382
707
159
81
800
835
932
706
341
307
77
288
819
584
919
225
251
553
540
307
493
925
616
723
257
560
831
244
883
888
875
453
879
0
636
218
695
475
471
150
240
700
670
486
157
185
651
30
904
581
487
825
216
643
818
323
338
686
972
821
514
415
655
311
940
873
18
182
196
870
509
426
858
774
587
619
609
152
289
102
179
893
551
8
253
335
258
667
757
334
100
720
520
106
548
70
522
253
924
235
984
168
433
289
148
767
832
626
529
737
390
304
201
621
156
151
99
734
668
758
735
664
659
127
550
16
179
252
593
47
139
462
639
834
775
779
501
955
517
479
990
545
72
969
605
825
765
505
561
27
829
901
85
968
547
480
586
601
17
945
937
940
173
469
594
938
781
283
201
427
278
651
32
207
864
563
770
134
357
473
110
368
351
977
738
564
712
915
373
738
702
701
116
15
257
337
466
524
429
970
152
142
624
217
603
152
988
727
180
275
133
282
805
432
550
366
265
168
828
861
943
884
99
443
231
272
98
393
757
134
277
679
229
353
94
262
272
857
276
820
411
414
143
360
303
414
910
648
20
623
597
142
801
618
533
278
623
727
374
749
211
472
297
762
611
323
282
108
122
996
832
795
769
378
881
326
252
360
329
633
752
0
146
882
517
244
826
79
374
746
480
229
691
865
770
769
820
10
418
920
71
962
637
100
112
834
416
921
315
30
165
790
808
124
634
641
406
436
313
251
575
827
747
210
611
226
936
166
455
712
741
244
63
334
443
284
687
628
747
977
874
13
403
247
641
171
875
896
608
367
513
370
328
321
650
261
194
838
866
175
797
565
991
367
542
527
859
264
803
473
26
611
605
302
319
631
690
998
748
236
781
131
561
543
813
865
425
323
489
32
948
426
942
176
715
202
156
325
949
445
541
317
739
293
533
130
827
743
254
519
964
212
726
593
233
849
681
318
132
926
145
246
587
302
556
683
759
608
743
376
737
609
44
862
707
695
970
85
90
506
220
80
962
852
494
650
609
598
395
534
290
965
254
485
78
606
959
412
563
423
950
303
477
89
286
290
456
612
362
269
543
745
974
650
644
662
819
236
656
561
46
745
369
86
316
121
204
781
616
991
859
840
562
231
752
325
368
754
766
89
784
111
690
880
619
401
910
344
743
971
104
476
935
980
292
869
787
112
996
192
317
749
858
357
339
223
140
714
235
725
709
206
30
682
267
356
788
150
240
402
700
946
467
193
312
563
541
825
155
112
587
444
947
902
325
77
747
309
647
796
101
728
445
147
417
802
438
240
84
493
844
6
954
362
341
742
266
907
510
836
877
876
213
257
294
59
313
277
294
457
642
433
594
30
865
865
690
99
223
759
467
16
119
62
283
232
833
551
114
328
141
555
982
559
647
864
896
352
496
133
11
964
351
933
293
364
539
602
329
748
655
9
950
703
224
328
674
838
385
60
774
535
959
907
936
833
742
140
852
143
799
673
519
503
693
359
871
765
651
940
269
199
303
167
345
331
899
324
8
241
886
454
251
543
995
237
433
310
750
182
361
83
334
267
746
121
953
364
750
18
32
567
600
780
284
249
929
309
545
894
966
960
729
701
134
31
205
661
716
468
420
212
63
863
21
187
184
322
182
613
833
986
188
838
104
776
810
55
912
55
684
18
76
318
427
611
878
162
615
12
712
88
744
835
166
783
713
759
450
107
599
678
704
758
962
698
211
992
832
614
422
601
119
716
952
22
205
678
857
729
913
559
824
142
408
963
46
407
625
391
429
1
779
237
598
741
436
618
918
404
126
271
933
3
649
721
467
104
430
177
812
659
195
407
498
965
697
778
745
409
440
170
784
171
470
777
926
760
559
717
473
898
123
176
598
464
410
123
274
75
655
407
716
444
577
60
450
762
119
450
742
827
48
12
730
535
588
527
656
279
784
465
114
806
141
360
183
969
961
417
595
942
419
592
124
55
298
292
775
595
436
583
436
680
332
194
992
398
883
207
387
898
448
842
211
231
21
41
379
231
172
508
497
181
102
633
876
97
41
931
525
58
370
941
16
662
432
151
736
102
145
922
658
107
699
655
177
439
692
466
350
138
586
287
926
703
448
829
994
570
161
656
428
289
658
998
973
969
1
609
127
568
265
361
825
56
15
358
858
94
427
789
873
167
275
484
212
659
87
963
202
484
904
855
634
381
378
958
936
434
285
227
971
91
139
42
416
84
400
510
394
515
533
890
758
976
375
552
780
358
351
54
219
319
574
303
487
855
617
503
35
303
853
348
4
246
855
396
924
832
592
570
120
16
406
579
115
885
897
125
394
509
749
902
630
859
299
438
388
385
973
682
306
831
578
578
940
346
73
914
744
821
382
283
180
747
378
48
331
537
613
996
974
50
10
790
335
488
986
477
236
215
574
941
945
311
953
531
235
520
663
806
481
315
44
891
636
550
273
346
998
41
812
469
877
523
665
237
930
732
534
172
600
140
774
523
905
256
176
864
113
144
186
3
343
108
338
953
908
21
747
816
54
122
31
557
863
531
617
885
151
805
546
990
946
824
197
90
351
558
335
366
98
296
134
405
302
763
117
290
253
348
110
902
13
675
490
479
675
193
724
275
551
20
679
659
998
319
791
223
664
341
280
791
780
547
978
423
319
234
849
941
695
927
949
7
387
654
948
71
159
853
591
901
596
399
543
133
45
818
751
284
789
776
518
658
792
495
789
882
491
696
52
240
950
702
277
345
404
214
734
638
731
816
435
638
569
554
719
37
77
804
955
644
442
58
127
460
873
23
773
797
941
245
366
804
469
222
958
163
829
536
545
836
744
639
963
823
272
533
355
510
733
516
733
636
628
604
431
115
987
196
144
57
216
534
177
29
285
730
180
261
116
615
417
286
270
725
549
261
341
168
553
446
896
847
128
925
342
98
870
888
812
247
509
876
504
872
220
565
223
352
460
474
587
44
228
592
79
105
282
989
619
555
914
784
360
404
772
878
696
414
3
889
698
447
883
316
437
417
565
664
770
702
862
20
501
588
870
817
585
297
137
738
49
839
743
340
436
573
904
380
79
582
7
672
485
591
300
640
534
687
279
148
823
961
400
153
377
785
798
584
69
11
810
732
281
895
566
238
547
748
666
793
843
272
314
480
987
895
256
198
971
94
290
715
564
802
126
802
505
663
539
322
407
411
113
481
423
251
213
837
301
918
261
869
602
871
149
602
298
778
350
154
474
836
836
422
390
355
152
14
61
52
332
991
355
5
988
23
924
260
580
721
250
895
76
499
76
468
36
584
121
916
578
851
466
811
371
873
365
178
601
855
783
330
780
825
546
200
867
250
662
393
119
568
697
510
412
723
1
412
986
697
551
669
258
262
65
988
359
811
634
887
717
472
814
500
501
483
624
999
914
786
930
585
256
802
803
514
815
298
631
103
662
681
474
852
381
978
577
704
949
464
186
795
236
552
297
993
62
320
735
73
584
897
96
513
545
634
491
260
164
203
279
416
242
910
904
801
452
379
164
74
722
523
764
837
669
18
890
604
979
175
204
403
83
626
922
35
853
263
263
943
333
356
622
679
57
164
555
817
946
963
642
382
778
592
474
292
526
323
203
257
725
797
306
666
935
694
728
51
591
238
643
984
471
212
39
145
431
34
772
359
290
565
84
193
57
251
178
887
220
438
701
266
214
834
201
178
27
3
508
579
526
431
86
666
282
355
638
893
621
129
240
887
694
434
103
401
126
9
175
733
748
839
440
977
339
757
263
470
147
99
75
411
272
408
45
368
639
407
657
844
783
860
91
417
980
411
159
349
976
343
857
651
581
569
976
96
947
706
326
79
280
491
610
614
219
507
576
44
333
841
174
93
232
166
295
13
214
559
226
743
492
518
7
724
552
848
95
11
736
462
513
836
328
793
544
787
424
630
982
884
157
216
699
90
773
42
863
938
558
302
910
332
465
101
139
86
544
350
106
655
51
791
936
101
854
572
957
108
305
744
988
81
775
589
966
125
6
291
9
991
282
926
294
186
580
984
31
225
363
105
499
922
266
696
895
261
314
518
315
681
17
55
340
75
167
382
787
128
360
993
64
276
929
964
258
989
519
373
435
72
663
208
136
756
310
137
444
642
330
334
763
913
70
714
789
197
234
586
898
621
584
557
514
426
635
308
242
24
828
742
116
525
199
136
887
702
683
959
347
124
499
920
415
583
297
742
116
22
777
270
422
685
298
502
986
735
959
59
265
64
206
809
84
213
849
849
146
400
737
752
881
507
82
887
801
613
840
352
67
459
590
445
66
738
621
621
593
886
218
768
558
329
95
254
344
80
950
292
325
553
365
712
262
616
631
934
771
941
575
953
241
312
18
496
43
357
517
229
476
954
678
61
195
291
499
394
554
120
812
565
749
889
538
551
46
714
39
124
676
430
531
503
420
562
382
409
537
402
652
498
289
147
380
308
536
179
861
247
49
943
464
931
269
295
286
630
245
296
455
504
722
516
640
423
678
377
997
814
190
0
639
729
937
778
281
221
839
365
349
229
984
79
640
576
687
339
325
259
365
281
227
824
492
657
338
981
156
607
471
583
63
710
508
600
514
569
602
690
78
567
966
116
107
385
792
972
246
521
8
823
64
246
446
833
761
109
65
850
989
682
845
470
870
701
229
753
682
451
214
238
814
184
982
603
853
103
76
507
684
423
424
824
558
508
997
554
393
654
806
371
468
401
861
244
567
503
500
547
905
277
872
752
573
456
928
847
96
683
683
799
740
557
882
484
369
515
925
878
463
927
586
884
149
356
927
226
314
810
193
37
497
266
831
886
779
511
790
454
286
809
813
52
472
658
190
354
586
155
928
431
350
847
411
723
883
357
532
951
168
44
767
826
851
949
987
136
390
749
637
45
95
307
345
918
33
110
610
441
476
764
150
962
855
747
194
148
393
177
82
477
417
416
850
951
938
800
679
724
43
646
253
218
4
32
163
637
328
814
402
217
879
230
167
234
589
826
583
740
419
469
443
786
259
111
679
423
217
299
226
109
385
920
866
205
186
978
550
89
296
117
364
331
364
802
743
110
617
821
48
560
301
163
718
741
404
93
430
580
87
572
528
160
413
152
437
501
299
454
522
31
763
447
490
398
869
24
428
481
294
644
672
259
692
237
958
724
620
122
785
541
896
671
310
198
1
505
451
736
520
116
876
750
566
224
644
184
183
649
825
468
361
946
796
697
506
776
683
792
581
908
457
38
951
125
803
88
874
379
271
850
720
569
550
875
223
716
623
664
734
415
977
573
558
27
770
652
96
37
419
982
273
274
349
632
305
415
249
15
304
198
529
932
281
50
935
114
617
36
796
461
60
434
108
435
557
917
648
656
33
146
957
919
795
275
351
469
165
884
597
955
336
199
173
956
103
457
848
421
241
612
962
801
109
889
403
719
981
30
725
59
651
363
983
798
957
709
80
157
858
483
192
66
256
69
962
980
830
647
525
521
220
441
123
396
370
88
425
8
605
368
378
387
933
5
43
788
482
77
729
928
5
927
906
978
94
757
928
486
440
13
944
448
698
874
312
972
33
49
466
39
537
185
530
52
197
444
370
478
992
715
945
658
549
984
184
665
326
316
830
245
799
183
822
182
660
164
795
552
704
953
891
248
120
29
335
545
88
29
646
512
678
635
92
548
6
357
85
527
225
691
688
650
66
264
952
995
659
552
484
900
302
498
710
494
997
197
754
588
711
70
582
804
301
766
263
858
691
540
973
79
521
484
692
173
167
528
137
24
113
594
711
591
174
914
38
700
77
432
63
197
389
705
288
397
611
306
865
646
345
476
344
744
242
262
492
674
427
504
426
181
846
372
194
756
304
690
6
562
179
392
435
645
459
967
391
727
349
597
792
221
932
76
185
945
356
787
993
412
520
734
22
853
243
298
321
519
210
701
291
572
397
260
771
21
853
786
806
209
882
687
219
892
613
648
864
783
491
909
976
446
291
263
337
493
764
459
361
777
628
693
767
857
726
170
753
437
514
974
43
539
357
965
983
512
0
155
757
892
876
500
445
22
304
330
579
516
835
796
939
939
88
376
854
601
441
881
607
891
234
704
553
751
923
681
106
794
533
578
37
626
98
574
779
618
97
557
641
515
558
829
587
878
154
668
633
978
34
9
921
297
788
376
657
906
85
109
92
333
250
280
723
933
703
511
511
121
956
75
838
431
859
112
666
642
287
337
532
208
165
613
543
266
553
163
489
881
984
979
321
431
612
603
232
901
224
278
27
977
473
718
465
38
82
773
708
137
230
270
285
673
74
760
7
336
169
559
187
35
104
604
623
14
399
160
146
354
925
886
255
701
161
208
128
770
868
912
578
133
444
422
321
387
37
971
256
515
890
942
313
854
442
677
368
981
177
240
659
816
488
38
956
549
181
849
384
499
647
652
848
819
355
182
944
131
632
302
482
717
324
973
971
288
872
138
745
863
218
315
571
975
233
248
497
781
930
200
50
395
692
598
677
607
719
924
930
163
453
640
320
977
785
818
711
205
756
497
398
954
399
889
643
532
74
4
715
733
613
522
915
313
774
98
914
389
599
67
582
375
118
509
40
989
381
273
180
837
774
399
595
120
477
35
684
843
963
772
60
494
192
760
956
654
683
705
239
24
260
501
625
377
13
979
576
556
969
622
140
205
88
676
926
286
381
457
788
315
703
228
435
642
687
638
329
689
841
532
592
883
379
671
739
342
366
96
209
593
655
911
999
394
575
395
515
292
281
561
430
542
78
371
967
781
512
159
877
815
611
911
543
815
917
356
280
993
251
401
952
428
143
704
776
661
322
155
602
269
381
102
539
930
819
638
210
216
489
722
151
665
686
891
103
127
264
987
312
753
421
319
273
178
289
374
625
73
392
877
730
633
343
968
220
138
525
457
900
979
61
248
815
728
18
585
845
210
105
819
189
920
798
243
95
433
631
495
62
750
755
51
669
370
808
811
643
117
144
607
371
780
20
122
144
141
72
398
769
448
769
925
296
618
337
200
852
126
40
34
807
861
485
158
300
696
740
482
916
371
462
362
217
337
475
232
629
123
494
94
946
227
333
267
138
199
976
834
685
975
785
804
320
224
958
727
957
239
916
970
548
488
964
746
307
340
330
432
315
327
274
390
410
983
796
57
173
790
174
42
267
934
821
90
447
221
206
627
566
929
724
960
509
712
308
857
541
636
413
82
548
375
22
479
571
376
369
19
942
679
244
606
119
879
430
801
960
187
720
837
868
981
777
909
295
497
584
965
556
556
377
788
772
453
546
897
832
542
99
840
822
670
69
193
162
117
470
463
794
927
535
124
308
461
637
673
705
904
587
402
465
980
314
876
610
203
960
108
624
787
659
821
36
999
607
316
776
139
170
425
560
90
507
507
421
32
189
111
595
276
258
653
508
618
71
149
733
61
8
255
254
610
446
662
73
629
455
106
293
26
461
374
939
851
822
227
913
158
633
305
458
408
212
120
994
922
256
756
165
907
528
862
975
593
746
19
350
944
842
237
929
386
572
34
612
803
82
72
730
670
808
291
487
753
974
730
809
7
995
882
670
518
287
156
586
960
241
200
161
35
789
201
426
627
731
213
485
805
679
74
851
450
29
833
726
455
129
429
567
19
760
937
335
571
210
799
739
164
348
437
653
158
118
629
601
605
807
668
888
940
739
377
312
174
10
970
394
623
310
420
695
427
879
935
245
362
532
295
352
867
738
33
529
81
384
241
755
405
717
704
495
58
590
184
224
211
697
72
652
392
288
87
874
852
19
794
386
239
524
93
15
331
603
859
92
153
42
42
667
389
338
478
957
171
690
293
87
479
175
571
299
160
81
377
517
147
693
754
973
738
767
554
892
440
1
468
403
622
706
629
47
655
391
349
276
424
207
539
913
401
307
267
538
970
376
56
610
713
546
119
214
530
911
187
100
226
188
951
594
964
398
623
570
47
95
322
840
58
818
443
508
835
738
676
482
676
958
301
563
125
684
309
369
582
424
846
544
447
537
81
502
516
985
287
577
951
334
808
722
476
894
20
894
660
75
669
847
393
344
657
274
579
871
495
84
466
529
510
918
522
908
674
975
489
395
798
523
870
235
905
972
635
823
698
973
657
520
650
944
180
294
608
196
232
638
854
264
459
759
4
35
56
846
762
942
844
480
713
62
434
614
85
475
2
990
800
362
665
921
737
490
751
393
759
26
763
709
190
994
327
620
106
50
260
766
896
754
421
845
511
993
767
919
803
171
441
421
173
775
649
985
826
228
255
775
262
453
845
996
679
524
460
352
343
910
488
805
782
233
288
324
717
869
719
439
923
85
979
934
222
771
600
899
527
115
221
745
612
46
992
816
59
192
575
188
506
981
199
933
391
765
580
663
69
104
470
144
336
461
454
828
372
83
16
906
841
589
418
923
700
365
337
132
564
731
252
306
888
972
809
718
405
947
41
306
462
196
726
183
615
152
161
735
911
589
990
856
529
950
150
779
265
325
663
272
179
758
427
680
485
540
4
326
243
895
799
262
588
985
472
280
561
779
944
589
418
676
97
521
886
897
708
838
688
487
341
303
432
842
297
259
677
542
919
762
372
83
873
635
269
609
482
830
501
65
956
532
23
642
372
12
576
866
990
7
197
29
405
530
493
130
19
496
591
619
573
114
786
447
820
937
812
65
188
452
536
386
850
677
702
856
178
761
844
131
451
406
994
301
921
273
750
938
465
627
985
380
446
699
659
189
511
83
898
548
442
555
664
243
300
616
617
378
554
848
698
52
761
996
115
432
172
379
640
860
791
380
699
