102
174
566
291
809
301
401
102
633
401
284
217
34
87
217
217
34
168
872
34
191
49
556
323
652
318
556
916
344
560
556
192
46
426
847
882
421
882
959
882
882
426
186
321
680
518
680
855
104
353
277
847
277
87
133
512
166
299
347
657
737
850
732
356
56
990
231
104
231
610
280
148
280
212
280
449
160
517
509
844
378
929
740
159
394
779
623
787
465
51
465
164
736
941
787
10
787
75
861
202
778
364
733
861
779
755
658
861
377
595
709
508
901
525
435
595
595
279
268
108
312
638
624
200
192
66
421
429
151
589
680
941
472
770
377
385
680
680
680
632
50
828
291
151
232
184
332
828
808
906
367
482
578
74
482
631
170
408
64
363
231
482
20
745
288
838
20
219
20
917
20
20
417
234
291
234
906
155
565
174
270
348
422
163
195
348
348
118
195
348
90
650
501
206
9
80
152
949
810
575
944
888
596
89
591
546
826
949
526
362
526
526
530
81
526
516
526
526
550
399
550
492
368
317
146
807
979
386
496
37
142
460
480
842
900
496
652
652
631
652
413
760
652
164
774
652
238
106
514
18
405
321
55
818
818
119
818
610
122
296
365
414
494
175
223
273
132
892
175
900
677
214
84
666
677
374
674
666
677
500
97
104
823
500
513
262
779
779
343
693
597
73
921
693
693
382
920
445
693
617
15
15
423
902
15
15
622
788
158
2
640
97
946
624
55
379
55
55
640
55
55
885
668
667
337
740
885
797
156
885
156
778
778
778
42
866
295
431
593
672
180
311
285
180
352
229
835
506
803
84
196
91
627
219
79
261
689
397
205
772
715
87
751
789
672
377
212
686
415
242
981
163
460
990
981
820
736
391
461
795
987
376
960
619
503
648
603
373
420
503
532
443
745
102
638
873
108
717
383
922
336
59
918
911
922
911
716
156
922
538
31
215
911
303
220
115
955
31
31
521
31
638
640
332
965
486
165
532
3
3
450
463
222
208
132
44
3
104
170
645
531
117
827
117
117
117
259
117
936
645
32
32
805
68
202
28
545
804
253
208
253
283
577
10
844
253
776
354
461
348
588
348
506
303
118
348
35
94
136
136
136
41
157
110
444
321
493
982
136
772
698
122
30
772
126
984
137
671
413
290
657
513
701
391
776
290
776
416
365
681
254
973
785
913
150
973
285
698
319
698
698
460
285
974
505
698
946
664
731
731
264
378
560
412
297
731
264
700
958
700
743
700
846
700
511
700
700
275
683
683
452
580
597
173
789
300
683
429
196
349
213
762
181
990
718
990
939
351
337
213
750
235
628
890
378
970
176
473
200
763
927
232
723
550
633
568
930
29
435
887
783
887
886
886
886
886
886
886
887
45
674
471
45
235
51
448
751
301
995
995
601
53
672
301
138
301
995
515
655
731
515
969
797
797
742
515
357
370
906
295
341
619
493
772
472
332
416
704
636
636
636
636
636
296
927
156
167
655
655
199
518
265
1
265
524
540
782
782
479
738
561
639
782
782
837
815
226
461
957
324
957
48
957
957
939
958
651
733
325
670
341
670
319
88
267
670
533
670
670
63
63
398
63
464
994
600
994
21
178
731
41
411
411
471
460
627
369
410
411
546
328
792
394
546
546
244
67
746
885
276
827
276
276
276
188
908
578
276
518
0
405
396
819
0
679
0
80
918
725
766
80
184
201
184
80
80
332
632
789
75
993
161
205
205
201
205
555
684
555
844
381
166
234
490
839
839
528
439
228
327
74
228
839
228
327
912
912
345
991
263
472
539
935
345
850
92
420
547
487
13
547
934
547
998
547
695
704
425
10
953
659
815
425
10
879
657
879
879
929
152
22
307
929
606
298
879
90
991
140
749
751
629
823
840
572
245
450
245
363
813
415
373
813
688
664
116
753
947
57
275
957
753
753
292
727
273
146
85
452
27
441
93
488
565
146
668
567
686
109
48
427
263
419
48
741
48
950
588
48
688
65
704
312
323
251
852
855
499
254
846
254
413
795
480
507
254
983
663
983
286
274
2
980
983
799
992
938
938
918
938
938
915
763
938
30
938
902
385
655
721
742
19
622
622
75
791
215
791
897
349
791
906
798
437
126
437
83
32
177
23
803
23
493
24
23
707
707
229
572
818
572
812
82
155
973
18
726
284
419
50
667
503
634
634
634
376
634
46
530
634
777
213
226
336
454
231
311
541
562
564
154
562
562
562
562
465
465
473
237
292
465
409
36
165
132
48
354
419
154
954
132
20
178
178
546
547
611
988
347
926
347
186
811
468
181
818
302
721
741
871
344
871
871
123
871
957
871
296
788
115
843
343
36
25
531
202
668
185
36
36
934
0
402
25
78
25
599
722
130
40
25
141
956
283
141
415
415
897
727
359
892
609
195
451
331
342
578
333
309
291
343
775
749
98
598
459
333
193
211
179
699
106
498
211
220
849
849
603
128
365
849
785
627
785
313
198
440
567
898
930
986
2
397
902
89
902
259
767
29
935
144
609
936
609
67
29
609
347
252
585
252
44
586
979
979
820
252
827
895
556
502
556
827
607
598
752
968
327
454
947
543
508
264
454
288
321
403
408
403
675
237
687
449
773
147
819
942
819
819
819
548
307
900
790
485
149
571
960
296
906
620
791
805
257
805
182
805
69
250
69
364
278
921
435
395
921
40
881
923
46
923
712
712
712
713
712
712
712
713
713
712
365
727
941
732
727
593
262
748
338
904
904
904
722
113
101
904
74
231
639
740
830
345
897
787
740
455
952
347
875
877
622
265
484
210
265
265
265
67
105
775
981
989
8
842
987
987
63
439
752
85
63
85
654
85
925
417
402
705
651
553
459
459
993
110
459
215
459
566
297
15
255
749
360
774
762
214
801
801
480
801
508
801
744
801
527
915
527
821
696
157
470
527
527
832
157
433
374
643
929
151
45
433
28
179
179
205
626
205
781
610
38
610
588
419
128
813
39
39
39
335
502
563
188
563
563
185
923
821
638
821
766
113
272
840
396
977
453
428
258
854
51
998
51
51
559
762
449
908
391
849
120
648
999
647
470
673
342
38
511
38
38
148
148
682
148
104
104
992
357
453
66
230
12
356
585
940
561
230
784
766
500
766
907
986
545
267
336
540
86
312
531
86
732
86
287
86
176
200
16
645
32
601
163
16
16
755
773
839
839
156
100
512
77
77
950
950
919
874
163
950
135
135
930
421
220
135
238
135
360
799
125
502
509
969
360
817
762
624
574
448
832
159
163
2
819
291
291
596
8
921
735
970
384
512
122
701
792
701
701
701
469
701
158
158
492
198
703
244
527
583
583
576
964
964
964
714
964
964
576
964
576
576
236
215
657
533
168
2
899
661
697
412
740
470
633
104
139
506
506
818
216
594
16
607
582
582
945
400
52
53
96
52
229
434
98
587
96
587
478
587
154
655
587
587
587
953
344
200
908
553
530
511
530
553
530
963
494
494
457
494
411
411
225
125
850
628
236
646
995
651
637
651
303
651
677
474
25
725
632
744
569
807
474
413
474
810
155
155
242
170
155
572
230
164
208
816
326
158
990
394
966
744
182
654
918
790
300
300
443
443
471
739
23
888
181
965
68
389
454
810
367
842
181
538
914
498
582
380
671
369
64
238
191
504
975
626
531
557
975
900
900
330
900
948
298
914
914
877
491
97
914
914
914
916
827
427
62
592
750
750
667
697
783
76
881
569
52
783
783
76
603
434
767
270
44
767
607
337
445
318
294
164
417
571
294
318
849
237
735
713
50
713
320
713
607
760
197
148
853
359
83
748
665
68
918
486
913
913
618
68
913
913
776
776
263
263
324
211
628
491
483
131
131
247
743
131
787
131
606
222
737
515
754
617
109
251
322
109
110
252
404
150
150
78
853
57
911
780
78
78
67
247
132
306
449
922
449
202
618
821
172
354
883
679
133
133
328
519
174
133
692
874
27
352
667
716
667
463
793
455
920
463
422
485
672
350
615
18
350
350
350
246
450
444
469
664
230
218
367
69
367
119
230
230
851
875
71
554
554
760
554
210
554
226
734
242
654
582
734
734
734
4
53
140
282
282
456
140
639
830
60
775
410
673
121
790
704
121
739
121
569
110
238
90
140
70
637
677
594
456
435
779
435
650
435
517
484
484
988
233
139
485
496
146
374
370
677
374
87
374
341
676
361
341
14
341
473
558
815
568
557
409
557
361
172
305
856
943
144
528
943
305
943
557
100
549
393
626
417
11
651
11
629
629
629
643
266
266
266
437
175
165
255
266
196
885
11
517
813
160
149
16
303
402
528
228
528
218
528
809
451
102
809
566
223
633
102
191
250
661
151
250
13
916
537
21
49
49
342
65
255
619
746
882
185
919
897
37
89
937
353
916
353
310
353
14
560
737
957
665
621
891
500
560
660
395
908
687
56
56
56
414
578
161
180
322
968
723
593
593
467
593
593
342
342
449
485
376
212
61
120
690
381
95
280
52
356
12
830
729
32
12
356
903
485
929
386
422
4
601
428
847
299
161
752
850
850
696
126
159
40
501
644
803
841
99
575
899
899
467
505
51
595
520
736
736
103
301
595
106
755
728
381
725
779
302
502
531
709
846
709
511
351
365
599
709
832
59
25
377
568
75
111
544
901
648
857
60
695
253
47
196
231
837
220
295
122
124
308
506
988
649
566
179
568
376
155
108
258
479
470
535
186
66
440
188
641
705
535
310
761
256
133
716
523
152
985
176
589
259
35
233
287
33
9
102
941
457
385
33
181
664
385
646
393
682
68
14
214
480
42
42
87
69
596
783
495
917
123
917
359
155
838
838
644
545
558
565
620
976
153
270
471
682
9
811
468
931
468
468
468
219
5
219
152
178
810
542
608
127
856
888
888
754
974
946
707
711
754
773
981
656
226
93
5
169
501
501
959
147
956
45
920
147
835
979
807
472
550
550
356
631
631
354
631
760
760
28
164
358
285
357
295
223
567
445
99
774
407
379
140
989
509
811
572
206
922
206
708
206
671
336
191
463
5
507
120
953
37
693
54
330
861
195
45
823
223
159
326
892
742
893
175
81
904
365
974
46
513
513
446
513
884
875
49
328
23
145
757
617
625
791
823
384
891
400
400
400
400
971
969
97
788
387
119
710
729
801
725
740
503
184
601
797
797
495
796
451
337
796
352
796
796
796
837
565
3
660
419
236
311
297
759
803
672
625
78
84
84
145
835
835
689
342
60
835
619
894
739
261
261
290
169
993
413
460
388
815
187
432
584
689
465
520
829
689
82
387
434
818
977
225
524
854
364
16
628
820
430
648
952
430
216
728
334
692
969
960
960
165
559
120
145
68
373
516
503
159
87
118
62
390
503
368
358
650
358
650
358
131
358
358
795
106
986
137
762
256
447
383
764
577
988
161
613
745
745
105
105
105
206
331
442
149
35
979
963
724
614
953
724
151
935
332
570
59
919
355
476
362
173
421
792
480
831
752
404
572
371
138
267
826
93
483
949
463
920
258
320
942
362
552
283
955
955
955
955
955
936
936
28
28
445
808
522
522
144
422
814
928
623
185
197
136
185
56
185
185
972
115
360
56
24
422
698
928
490
529
490
14
664
637
459
154
83
880
373
373
187
281
176
878
878
878
903
36
269
514
580
242
416
635
444
12
468
444
444
26
452
54
412
816
410
107
600
218
848
694
694
592
694
694
694
702
225
683
580
872
423
890
235
235
139
959
633
633
588
44
848
539
763
470
28
733
408
384
134
245
927
927
927
927
53
399
53
994
172
925
270
439
554
515
515
944
187
751
329
223
863
601
601
69
172
464
540
662
103
863
120
734
558
1
1
1
300
508
467
170
845
197
323
990
330
990
319
319
632
817
656
658
533
642
493
878
479
628
21
21
393
21
792
204
464
6
335
535
464
335
335
335
731
966
731
137
956
171
41
171
41
171
286
286
947
995
895
763
309
34
814
372
679
267
945
471
631
924
471
775
630
278
508
508
810
670
505
218
244
83
244
875
819
437
42
410
396
396
94
32
509
188
563
62
184
766
108
599
739
632
93
316
632
952
632
429
429
803
626
462
201
192
598
192
743
695
679
679
817
263
80
439
971
877
283
267
832
877
356
177
528
246
756
540
756
327
431
456
850
673
931
745
284
91
705
420
335
898
457
420
245
902
963
793
775
876
106
781
815
820
307
370
307
891
307
720
981
703
703
657
74
48
851
851
821
765
741
741
741
333
488
567
486
750
688
688
496
119
9
149
323
988
251
761
974
959
983
210
491
385
588
588
845
845
907
795
663
51
609
385
64
177
763
143
70
476
33
655
956
199
940
942
30
724
30
956
30
143
24
414
739
688
688
742
994
396
16
972
190
733
800
798
798
800
800
800
800
798
800
705
567
703
79
83
439
436
436
72
436
10
321
113
114
113
331
113
79
634
664
53
215
376
126
483
73
786
786
786
637
314
786
784
311
574
536
311
73
73
939
73
600
659
234
326
562
571
13
94
13
710
473
323
755
276
70
915
169
571
54
237
237
237
544
54
584
537
589
457
389
519
393
166
954
954
340
866
954
359
108
267
347
167
533
848
251
181
180
316
228
304
304
304
616
75
177
129
177
137
993
993
993
344
577
565
72
344
390
614
905
721
115
711
926
525
474
926
186
926
668
626
82
668
472
269
775
85
934
737
934
714
411
934
455
96
182
813
598
40
324
40
278
278
229
703
461
949
100
572
461
450
450
342
535
211
325
589
699
394
428
785
785
785
437
340
785
847
370
440
333
380
321
333
799
98
119
333
691
793
73
718
895
722
944
569
755
420
408
618
371
408
675
192
675
172
172
229
198
78
533
284
724
381
878
971
687
831
687
687
311
43
43
43
36
247
402
334
278
326
143
334
29
122
377
201
349
871
452
246
466
569
119
95
304
8
320
834
388
127
182
482
748
732
594
362
732
106
92
770
101
92
120
896
138
74
286
942
904
74
828
84
272
34
661
952
907
841
105
469
641
105
989
969
989
320
328
710
671
333
842
136
452
622
113
113
452
452
146
654
654
375
768
704
362
383
393
707
494
245
60
179
539
173
735
744
17
233
885
595
183
696
26
696
696
188
157
727
35
470
152
898
577
980
548
832
929
966
929
512
139
968
433
128
128
106
848
915
915
730
915
454
149
251
270
828
343
923
512
359
472
242
428
125
357
428
542
494
735
925
38
7
98
513
54
564
564
744
647
39
38
380
63
686
364
923
977
773
999
999
647
994
272
308
272
507
338
994
665
304
937
233
256
398
732
585
66
299
940
790
988
561
281
784
114
932
453
683
555
493
686
758
173
645
624
681
174
624
846
882
729
444
708
708
553
839
594
312
610
639
378
442
114
809
232
495
29
100
746
592
100
883
293
14
512
70
723
747
798
156
798
782
930
285
108
220
549
77
77
201
39
77
462
176
896
739
548
805
466
743
743
950
888
174
584
499
61
584
574
570
933
968
659
735
968
921
279
8
19
921
361
158
303
197
46
560
714
403
720
403
616
769
533
615
892
615
965
124
272
639
594
614
511
278
901
287
644
824
876
641
194
940
591
940
872
474
35
702
474
145
560
41
191
436
79
718
816
596
814
396
32
6
409
61
61
630
61
454
154
37
596
37
448
44
273
742
810
375
710
985
330
330
687
982
687
977
199
62
760
754
52
52
569
142
569
175
167
306
270
445
337
604
314
314
294
387
884
692
729
499
279
790
830
49
998
457
129
129
853
129
884
581
918
910
872
59
256
910
910
912
910
324
792
918
890
910
711
910
912
912
912
555
324
164
455
623
786
247
247
992
786
98
924
784
945
965
923
784
501
222
991
222
640
305
297
202
420
704
284
847
606
369
754
924
754
150
150
782
520
933
322
995
193
134
893
321
322
726
930
842
510
982
306
329
883
883
917
917
18
939
618
564
487
47
27
27
976
716
716
793
478
793
394
215
481
901
920
187
372
308
992
463
212
18
580
504
962
18
595
151
462
400
328
12
42
927
591
591
46
248
410
520
812
722
705
788
162
746
788
346
792
346
90
765
290
566
226
890
4
561
96
759
456
146
561
828
654
427
584
216
121
492
370
370
214
359
498
620
351
605
676
676
931
402
690
676
467
485
277
440
768
289
277
866
680
603
558
208
381
442
568
442
426
487
14
361
361
361
144
144
703
984
732
939
939
963
973
360
107
67
590
141
253
11
273
253
253
257
345
749
257
831
146
635
487
175
175
193
147
549
417
417
859
859
859
859
859
859
865
865
865
860
860
862
862
860
862
160
862
860
862
888
865
7
897
860
865
862
160
860
865
861
483
728
149
517
640
255
4
820
97
382
951
953
604
470
103
49
65
65
65
963
963
715
619
963
746
157
746
919
919
928
17
837
734
780
822
937
597
937
892
507
621
621
621
621
916
570
548
658
905
891
962
891
724
622
660
660
397
556
908
771
811
745
599
158
268
565
376
369
561
424
617
327
327
821
807
95
325
325
325
555
589
690
466
690
466
61
375
682
925
877
952
802
802
802
802
313
538
275
752
939
98
696
516
40
645
125
644
280
645
161
69
833
193
699
690
690
690
575
575
575
383
520
123
250
520
166
248
507
161
256
943
943
502
874
943
888
864
703
103
984
916
366
984
60
548
695
336
695
111
715
646
829
111
509
366
50
268
407
789
398
366
398
883
586
402
479
479
11
479
197
310
310
204
70
201
152
70
292
585
585
336
585
441
872
88
606
714
233
233
761
613
881
481
9
162
35
987
972
107
480
31
94
94
31
31
115
844
844
874
844
743
9
982
9
242
162
47
843
958
843
211
457
542
448
191
829
612
546
96
711
711
248
761
761
339
55
919
340
956
759
759
216
759
637
591
150
355
646
533
685
368
19
946
407
354
354
98
354
24
140
394
37
718
451
486
491
611
159
232
476
483
483
742
407
858
399
67
446
27
567
823
960
817
714
604
372
714
13
372
797
421
406
421
352
715
987
337
257
607
369
451
451
661
660
661
660
657
190
699
661
236
393
747
297
297
297
580
759
84
708
808
258
341
319
325
681
410
723
780
353
286
758
416
457
413
738
172
91
739
649
581
692
815
344
204
431
689
840
357
552
84
689
320
407
829
829
829
482
434
258
434
517
260
820
225
743
559
682
516
563
138
635
126
416
726
334
691
691
691
691
691
368
368
542
551
551
551
550
986
4
383
966
383
824
310
762
137
764
656
764
426
956
426
339
305
229
510
206
510
975
510
331
559
937
979
24
625
625
724
62
173
173
970
49
138
780
797
804
763
389
949
949
296
277
808
121
796
338
1
771
292
115
126
102
656
708
24
163
625
389
422
736
777
848
604
924
903
843
36
299
12
320
522
86
613
647
629
410
694
592
982
799
511
58
854
668
415
26
749
816
182
397
851
505
217
866
877
539
387
139
139
791
179
179
399
640
439
643
277
475
944
82
863
966
300
300
965
339
432
420
467
17
405
69
602
602
47
658
59
805
733
493
133
229
547
552
604
604
21
316
393
715
866
461
852
596
397
8
263
426
397
799
649
425
650
298
709
199
489
137
873
873
318
170
170
496
980
286
607
197
471
539
902
707
902
630
953
218
192
665
208
94
355
769
188
510
408
765
390
577
762
62
462
374
302
462
908
419
776
81
439
303
81
283
34
283
905
371
371
371
371
356
177
261
261
288
492
847
654
245
91
613
858
693
759
775
613
194
615
942
907
890
980
388
133
153
891
821
748
433
705
123
100
972
491
558
271
403
414
975
288
303
132
97
190
190
511
733
733
628
685
79
602
507
537
379
10
717
717
717
717
744
79
99
247
682
774
72
725
789
427
367
710
755
917
730
305
574
574
777
574
605
574
576
923
737
559
725
169
212
552
504
323
194
477
663
880
380
584
623
389
389
433
978
958
978
954
978
308
768
298
100
63
498
901
167
167
167
279
273
753
376
402
228
519
114
162
434
26
166
429
763
429
316
625
338
291
988
648
577
295
295
381
210
926
926
991
274
442
924
123
948
154
534
517
673
523
961
644
212
737
490
920
260
630
266
934
589
980
15
293
761
330
794
772
73
976
948
605
799
856
127
127
894
675
675
418
21
925
855
523
831
711
395
499
107
827
685
685
620
412
213
334
498
114
114
186
186
143
581
45
143
127
884
127
11
377
131
937
131
60
101
72
881
942
590
590
590
590
590
695
266
659
134
536
193
349
349
928
746
469
720
706
524
995
641
789
645
524
524
524
646
806
806
806
671
806
299
671
806
671
806
807
895
692
136
412
64
477
477
833
385
563
407
407
622
39
630
630
749
433
433
365
33
192
128
128
720
384
721
720
720
251
721
76
730
730
313
343
678
418
357
649
123
183
914
183
183
111
881
686
186
364
647
641
160
340
774
334
304
552
998
254
490
930
398
398
961
522
405
193
176
416
940
7
932
932
931
932
932
453
453
555
555
978
88
88
758
658
959
169
505
846
846
834
369
788
312
312
326
629
639
837
643
293
898
293
824
592
678
608
896
727
285
476
77
549
549
549
440
896
448
896
494
401
805
216
643
570
693
570
534
570
271
134
395
384
223
208
395
828
315
719
954
639
674
726
833
431
616
478
355
809
940
145
339
872
214
268
702
126
352
352
96
294
61
941
972
6
6
6
808
808
582
808
345
211
454
758
273
624
810
489
489
62
448
378
210
874
427
977
941
135
97
649
781
54
879
306
306
130
395
271
560
948
571
757
681
681
729
441
656
95
279
180
180
604
606
783
405
735
998
998
566
790
218
66
56
103
260
95
784
12
519
519
26
519
171
157
954
232
19
534
369
750
750
908
313
924
510
913
364
531
773
230
47
772
481
47
525
231
110
906
316
522
580
93
93
379
864
198
382
423
765
59
583
509
880
248
894
812
415
788
169
289
682
659
475
323
125
605
605
225
261
427
890
86
551
561
225
887
887
672
672
40
498
498
492
492
612
83
455
982
455
455
458
809
362
331
271
600
600
600
514
426
951
612
973
435
497
497
497
497
497
497
58
107
6
674
257
257
193
824
147
15
142
355
198
469
160
667
642
7
59
537
962
715
962
962
17
350
616
608
530
292
728
548
254
3
3
837
708
658
611
611
430
962
67
143
771
204
268
268
481
276
114
722
424
852
933
933
697
620
280
475
475
475
22
830
830
666
669
256
834
576
719
33
616
182
715
509
544
366
382
366
725
281
216
883
516
567
442
292
220
764
663
298
793
936
432
621
653
293
748
430
430
430
987
608
972
425
817
515
107
50
651
592
748
843
843
255
848
339
130
339
130
118
166
958
401
248
248
757
441
717
757
659
368
19
970
89
849
770
227
137
552
71
71
71
486
970
380
380
858
952
215
787
165
13
352
496
496
153
464
580
709
22
628
571
722
976
469
738
738
738
738
541
341
983
758
345
536
345
450
141
649
841
959
692
112
138
721
718
81
707
75
726
246
683
362
824
764
764
764
802
922
423
974
663
833
529
975
975
210
168
608
440
559
807
626
1
0
338
292
232
777
232
422
924
532
747
486
851
505
866
251
373
387
825
298
608
499
969
141
984
944
44
77
202
202
602
301
602
602
4
23
579
579
145
780
780
679
424
288
653
852
852
17
17
111
548
852
662
596
518
464
756
464
174
578
578
165
34
199
489
489
489
8
766
970
644
523
935
226
539
353
271
44
558
666
384
208
880
723
811
993
931
881
120
76
302
768
960
768
768
768
442
663
669
275
895
482
613
375
404
129
64
527
129
64
90
578
64
878
153
824
260
37
586
824
610
294
726
217
217
495
982
399
804
190
965
685
41
685
840
771
379
379
99
99
99
666
336
968
367
101
535
789
314
730
162
730
453
504
504
504
608
378
880
506
176
559
727
194
194
540
194
719
290
753
753
751
116
388
946
894
213
388
874
388
527
147
879
147
41
625
648
648
401
620
274
436
948
130
542
847
332
324
318
484
728
673
641
673
266
316
375
375
857
395
605
933
967
85
856
945
856
525
894
855
855
831
650
523
523
525
936
250
428
545
545
50
484
484
770
771
880
349
767
551
767
101
324
881
88
617
617
895
316
432
432
432
134
638
418
418
418
553
553
242
349
338
985
769
769
795
612
723
171
171
350
406
199
360
313
678
678
501
678
851
246
418
281
653
653
653
111
892
334
116
755
961
961
978
204
961
961
123
932
992
845
926
7
647
647
326
758
313
823
222
658
823
629
271
973
614
837
656
293
856
363
363
363
363
603
409
92
903
931
125
726
488
271
384
110
491
828
11
42
178
476
476
178
214
702
507
308
718
294
475
761
814
814
490
814
153
331
19
977
699
135
898
586
702
840
781
781
781
948
618
898
477
260
290
261
568
441
54
697
499
95
896
681
536
198
899
405
405
200
260
518
252
187
6
757
757
802
531
166
219
414
328
329
329
329
329
413
306
521
481
773
58
58
802
401
722
544
747
122
538
315
864
911
911
382
822
382
686
744
289
950
903
438
437
57
269
57
72
72
290
488
941
50
30
760
262
492
462
514
817
514
887
660
168
58
142
412
58
66
317
256
317
66
289
674
674
177
642
642
675
642
597
597
27
616
697
834
611
403
611
999
999
999
997
778
778
538
112
218
799
0
196
196
487
575
834
834
351
933
880
544
544
668
532
516
386
978
33
831
130
898
234
390
390
390
521
71
521
71
521
200
366
275
119
582
153
414
541
259
894
541
541
983
536
351
991
841
606
838
564
443
974
423
966
529
577
168
29
138
65
770
981
252
536
663
246
387
765
141
466
872
540
162
612
612
296
820
662
756
756
445
928
447
756
794
832
557
644
907
935
935
967
967
967
794
794
967
967
794
967
794
425
811
7
884
884
803
579
583
262
76
91
669
222
669
669
702
947
669
404
129
423
812
893
893
893
841
861
861
586
586
699
162
481
57
399
322
322
840
804
804
22
190
876
876
771
623
826
666
666
409
101
314
274
314
184
441
168
458
525
443
213
264
264
751
844
130
456
456
889
889
343
343
502
889
889
889
889
250
857
512
615
76
116
116
984
116
857
542
318
460
945
284
945
409
770
706
43
360
250
581
581
181
581
767
145
876
897
905
905
404
905
769
769
478
171
270
86
90
642
281
579
281
486
5
282
386
386
386
340
204
992
103
745
903
646
770
599
599
609
488
488
522
854
854
219
857
678
795
134
210
139
142
308
899
299
840
284
987
315
697
82
619
65
436
925
899
306
29
716
643
959
458
458
458
901
122
18
438
864
864
736
864
986
864
424
822
289
289
774
951
951
951
951
534
534
534
893
262
317
317
317
944
619
92
777
440
777
538
777
876
487
826
414
606
833
234
521
447
978
532
262
627
161
461
627
212
351
997
894
958
841
769
614
614
564
255
529
500
529
971
269
594
665
665
659
981
125
636
611
447
447
598
907
227
542
535
214
958
223
766
425
460
425
803
835
583
91
991
728
355
43
42
148
804
89
812
812
26
26
458
187
765
857
443
986
986
532
623
946
473
473
583
706
615
984
269
183
116
947
947
822
875
855
467
89
841
424
357
478
478
13
226
971
5
244
5
282
980
301
282
275
282
551
543
543
646
543
603
599
603
557
557
484
607
43
259
142
142
826
826
826
876
637
598
392
842
448
392
117
392
392
392
392
406
340
288
438
431
438
438
438
57
404
863
863
863
998
466
640
272
833
989
446
447
446
168
706
446
446
853
997
997
997
997
853
853
985
985
985
88
91
597
322
545
500
529
417
538
928
235
541
238
355
109
109
109
259
89
144
165
857
741
613
817
623
822
2
813
431
269
930
875
594
274
302
477
264
971
227
736
315
980
236
315
315
543
543
543
310
85
313
275
309
309
719
309
309
683
244
684
684
729
121
901
554
305
637
415
635
635
635
391
472
391
406
406
406
591
653
195
627
81
627
996
996
996
997
996
996
996
597
858
854
598
372
537
372
836
836
272
836
836
836
80
836
686
183
518
235
618
286
431
274
274
638
201
302
477
4
838
118
206
310
638
885
747
662
82
305
112
112
112
112
710
719
495
845
870
870
867
867
867
868
868
868
868
867
867
869
869
869
869
869
870
706
870
870
868
870
873
874
871
873
867
195
873
868
706
869
662
424
537
516
989
92
144
247
227
579
473
579
684
747
118
476
118
391
845
495
238
132
553
227
662
662
684
684
684
244
287
287
287
27
238
838
976
227
976
858
160
858
258
514
346
816
816
22
346
346
822
236
236
319
752
825
825
825
825
825
719
346
307
22
279
676
676
124
124
124
124
279
