83
85
69
82
84
85
70
84
68
82
82
78
81
83
69
70
83
69
78
70
69
82
84
86
85
82
82
84
69
83
81
82
69
78
84
70
86
78
84
81
86
69
78
67
69
81
70
81
85
69
78
86
69
85
85
83
81
85
67
83
81
68
81
83
85
83
82
82
70
81
70
70
82
85
67
82
78
86
84
82
85
86
83
86
86
82
70
84
85
70
78
68
85
69
85
70
81
70
82
70
85
85
70
84
81
81
83
12
86
82
68
69
70
82
81
69
69
86
83
82
83
81
82
83
86
97
85
86
83
84
81
70
81
86
82
86
96
69
70
86
69
82
82
70
69
78
78
70
82
69
85
69
84
85
70
86
81
86
78
86
86
81
69
85
85
81
84
69
84
82
82
67
83
84
70
70
83
70
86
78
85
84
70
70
86
82
81
85
81
85
86
81
69
68
85
84
82
86
84
83
83
68
84
83
85
69
86
81
82
78
72
82
81
81
69
74
69
85
84
70
69
81
83
83
82
70
69
70
83
86
70
86
82
81
83
85
81
86
83
83
83
69
85
69
85
68
84
83
83
85
81
86
82
70
85
69
81
81
81
68
86
83
69
70
68
83
85
86
83
86
78
82
82
84
86
84
86
82
70
69
82
86
85
83
86
82
86
81
83
69
82
82
68
70
86
81
70
83
83
85
86
84
85
81
84
69
84
70
84
86
69
83
69
83
81
85
85
78
81
70
86
70
81
82
84
83
69
70
84
86
85
83
82
69
82
81
85
69
83
84
84
81
83
69
81
85
85
84
28
26
26
84
28
7
27
27
26
25
26
27
28
27
28
8
84
26
8
27
28
25
30
28
28
30
30
28
30
26
30
28
25
25
27
26
26
29
25
29
28
25
26
30
28
84
28
30
27
26
28
84
30
25
30
27
28
27
25
25
29
28
27
26
30
28
29
28
28
30
27
25
30
28
71
29
25
26
26
26
30
27
30
29
30
25
26
25
29
25
29
30
26
84
28
28
28
28
26
26
28
26
27
30
27
25
84
25
30
25
27
25
28
29
25
28
26
30
27
25
25
25
27
30
26
29
27
30
84
25
26
29
26
27
26
4
26
26
25
28
28
27
27
27
30
28
28
28
26
30
25
25
30
84
27
29
27
25
30
30
26
25
27
28
28
30
30
27
25
8
25
27
30
27
27
28
30
28
8
30
25
27
27
27
25
26
26
29
28
28
28
27
25
26
30
26
30
28
27
27
27
84
26
25
26
30
25
27
29
27
28
30
29
30
27
25
84
26
30
30
27
25
28
27
25
71
72
71
68
68
68
71
8
29
68
68
72
29
29
29
71
71
71
30
71
26
74
68
71
71
71
68
68
71
29
71
29
71
8
29
29
71
29
71
71
29
29
68
71
71
71
71
71
72
71
71
29
71
71
68
68
5
71
72
68
71
29
68
71
7
29
72
68
8
29
68
71
29
29
68
29
14
68
7
29
71
71
29
29
71
68
68
72
68
68
72
71
68
71
74
29
30
68
29
71
29
29
68
29
71
72
72
71
68
71
30
71
71
65
63
63
65
64
65
65
63
64
64
64
63
66
65
65
63
65
62
62
64
64
65
63
65
65
64
65
64
65
64
62
66
62
64
62
65
64
62
64
65
64
62
63
67
62
64
65
65
64
63
65
63
64
63
65
63
65
65
63
64
65
63
65
62
62
64
64
63
63
62
62
62
62
63
64
63
62
62
63
63
64
65
65
66
62
65
63
64
64
62
66
63
63
63
63
64
65
62
64
62
65
62
65
65
62
65
62
62
64
64
65
62
66
62
64
62
65
62
67
64
65
63
62
62
64
66
63
64
64
63
65
62
65
63
64
63
65
63
63
66
62
64
63
64
64
64
62
65
64
63
62
63
63
65
63
65
64
63
63
62
62
64
63
62
65
65
66
64
62
66
63
66
66
66
66
67
66
67
66
66
66
66
66
66
66
66
66
66
66
66
67
66
67
66
63
66
67
66
66
66
67
66
67
67
66
66
66
66
66
66
2
14
4
14
17
15
1
15
67
19
19
12
17
16
6
23
6
19
9
7
22
4
15
4
12
19
21
16
11
20
24
12
17
16
7
6
24
5
16
9
8
5
15
6
0
5
4
3
11
5
23
18
7
10
13
13
19
24
4
16
3
2
15
16
22
13
6
15
9
11
21
12
9
5
17
5
22
13
9
1
8
10
19
3
12
1
22
22
4
9
11
14
1
0
42
3
15
23
9
24
16
24
12
21
9
7
3
19
0
10
21
2
13
2
11
10
8
25
2
2
3
19
4
0
4
2
22
14
21
7
18
3
19
12
16
14
4
17
3
3
2
11
13
16
22
10
3
16
0
16
0
12
12
20
14
11
11
3
20
14
12
3
14
19
1
17
9
22
6
12
4
1
24
22
11
6
10
17
24
20
19
14
22
20
7
4
1
22
24
17
22
16
17
10
11
21
23
3
6
7
20
15
17
4
2
21
4
5
1
3
10
23
4
10
20
16
19
7
8
0
19
24
15
3
1
10
8
12
24
16
18
9
19
2
21
11
21
14
9
23
17
15
3
3
42
11
7
5
17
3
23
0
1
18
13
24
11
22
6
8
22
13
2
11
24
13
12
22
19
14
5
11
3
10
3
67
23
24
17
21
26
3
14
8
23
0
18
9
0
19
15
17
11
10
0
24
1
16
0
12
14
14
19
22
6
24
6
17
1
18
20
22
3
20
7
21
6
9
23
5
15
9
3
21
12
0
21
8
67
11
10
1
11
2
23
2
15
3
6
1
11
7
22
12
16
5
20
23
10
4
9
5
5
10
20
17
16
6
16
18
22
2
11
10
11
4
18
5
5
12
14
18
6
19
19
16
16
5
17
11
23
2
20
1
24
4
5
13
0
22
2
21
22
23
12
21
1
20
7
6
3
67
1
11
8
13
22
4
11
18
10
17
11
4
11
10
23
8
15
2
4
16
7
15
8
13
1
24
4
17
6
13
17
18
24
24
7
15
18
0
21
13
11
20
20
21
6
9
19
2
12
2
10
8
0
21
18
16
7
11
6
7
8
22
17
24
10
15
9
0
11
20
16
13
22
15
6
5
8
20
18
18
15
1
22
2
4
13
16
6
0
67
24
23
20
16
2
12
16
13
4
7
21
21
8
23
16
3
0
12
4
12
9
22
17
19
5
2
2
10
20
23
10
13
19
17
6
1
15
6
1
7
10
5
7
22
2
17
14
0
19
23
1
21
13
14
14
6
9
13
0
24
1
14
42
4
15
6
5
9
21
22
24
1
12
14
1
23
7
97
16
16
15
10
24
21
10
9
9
1
42
13
6
1
21
5
10
24
12
18
67
7
22
5
8
0
0
15
17
5
10
6
12
3
11
12
5
5
11
42
8
10
4
23
12
17
8
18
8
4
21
22
13
24
18
13
18
20
0
11
7
42
18
10
21
6
20
15
42
24
11
13
14
19
19
10
22
7
14
6
3
21
15
7
2
16
14
14
16
17
0
19
14
18
20
13
3
18
14
7
6
17
15
9
24
24
20
2
8
19
1
99
0
14
23
3
4
2
18
14
0
1
17
23
12
1
2
15
13
2
1
20
22
12
19
15
7
23
24
23
8
3
18
24
21
1
18
18
12
17
8
19
13
22
24
23
18
20
10
7
13
3
1
15
11
8
20
11
11
2
1
23
2
12
9
3
42
18
20
8
3
2
15
5
10
24
20
20
9
2
42
6
9
20
7
4
21
23
3
22
42
9
21
18
42
6
9
8
14
23
17
8
42
8
1
10
1
19
44
24
11
17
19
19
0
1
8
16
8
7
12
13
17
9
19
16
13
11
5
17
5
22
17
10
20
19
21
9
21
0
2
0
98
17
2
0
24
18
20
5
42
19
0
5
23
12
4
15
23
0
21
20
11
9
8
24
4
6
8
3
19
15
10
5
19
4
20
18
12
16
10
18
14
9
16
19
9
7
0
18
7
8
24
14
10
20
24
7
18
12
6
25
8
14
13
9
12
5
15
11
4
15
16
21
0
23
42
23
5
19
20
23
15
18
20
7
15
17
23
13
17
9
6
22
0
12
4
18
12
10
21
13
9
20
4
18
14
23
4
17
22
20
5
6
5
6
16
23
0
18
14
15
16
21
9
2
23
24
7
12
18
17
4
23
5
18
13
7
23
9
12
1
14
2
14
24
2
13
21
13
17
20
22
10
7
4
2
1
21
2
11
20
7
23
15
7
8
13
2
9
16
5
21
3
3
18
15
4
4
15
3
9
22
1
22
6
24
1
10
14
10
5
14
13
6
13
93
93
80
77
98
88
92
80
97
80
76
94
78
87
95
79
88
89
77
80
97
76
77
79
77
75
91
99
98
97
87
90
94
96
88
98
98
75
80
79
93
92
80
96
75
80
79
99
76
75
90
90
95
77
91
25
80
97
93
91
79
80
95
77
79
95
77
92
80
99
87
92
92
90
90
96
78
91
77
79
78
92
97
79
80
90
79
79
79
79
98
93
79
88
80
97
75
79
98
79
99
88
80
75
80
80
79
87
95
90
79
77
79
80
97
79
98
94
91
94
98
92
80
76
95
87
96
96
90
80
88
91
87
89
92
96
94
77
79
75
98
93
98
92
87
96
89
88
90
80
99
89
89
99
95
87
98
90
76
96
99
92
91
99
78
88
89
99
75
97
76
91
87
95
89
98
88
76
88
76
87
91
75
91
99
80
90
93
75
99
96
88
92
76
80
76
92
90
99
99
91
75
77
91
80
97
89
77
76
91
88
89
91
98
76
96
93
76
76
90
99
96
93
97
92
97
96
88
92
94
91
98
96
95
77
87
88
98
92
98
77
97
89
94
76
79
77
80
76
93
77
78
88
90
77
75
80
98
78
79
92
77
98
94
98
99
88
87
97
76
94
96
88
94
95
97
92
96
91
88
79
77
96
93
97
76
98
98
92
92
79
96
80
94
89
78
99
94
90
95
92
90
95
93
88
75
89
95
92
99
93
96
98
80
94
75
76
88
93
76
96
92
87
99
76
89
77
94
88
98
94
93
90
75
98
98
77
75
98
77
99
88
94
78
95
95
89
78
76
90
87
75
99
95
89
97
96
93
94
92
94
98
93
92
91
75
90
97
99
75
97
97
80
97
77
89
87
96
90
95
99
97
98
94
95
79
94
91
87
75
97
87
93
96
88
92
90
95
94
89
93
75
77
97
88
76
95
96
78
80
95
91
89
94
91
99
99
88
97
92
88
99
89
77
96
79
96
89
90
76
76
98
99
95
79
97
92
78
87
97
91
87
89
93
91
75
93
91
76
77
94
89
79
79
95
95
78
90
89
76
96
77
95
75
92
99
79
96
75
92
80
87
96
97
95
87
77
93
99
87
89
87
99
90
99
77
97
98
93
78
76
77
90
77
95
88
89
90
89
77
76
93
89
99
94
96
89
94
97
80
75
90
76
94
78
87
89
89
89
75
93
91
93
79
96
80
99
75
76
75
87
87
78
96
95
79
76
87
75
93
94
95
87
76
76
93
99
79
88
96
95
98
89
88
78
92
90
91
95
98
97
95
77
98
87
88
87
93
94
75
89
87
91
91
78
75
76
89
78
96
89
94
79
90
93
77
94
92
91
99
96
77
89
95
90
92
96
99
93
99
98
78
95
78
98
95
94
78
91
89
93
77
90
94
90
87
75
93
97
93
92
97
77
75
91
93
79
91
76
93
92
92
99
87
88
97
75
91
95
92
95
91
90
97
87
94
75
90
92
90
77
88
88
80
95
97
93
93
76
96
96
92
90
90
87
76
89
90
77
94
98
79
87
80
91
76
98
99
92
91
97
92
96
87
93
88
98
97
90
88
88
99
89
94
88
92
93
97
94
91
95
88
75
91
96
99
77
91
80
75
78
89
95
91
87
80
76
97
90
90
75
80
80
96
79
94
88
79
79
94
94
98
77
79
89
79
80
98
78
95
93
88
91
91
75
80
80
76
87
46
38
35
32
45
32
44
43
32
37
39
39
33
46
41
32
40
42
36
31
33
38
36
48
42
45
43
40
31
44
37
38
40
32
31
39
39
33
37
49
48
45
37
67
31
31
41
48
43
35
45
43
38
45
44
43
32
41
48
47
39
34
47
38
40
35
43
38
36
41
36
34
48
49
43
37
39
36
38
67
31
46
31
41
35
31
44
47
33
33
47
49
49
33
32
31
33
41
31
42
33
44
34
42
46
36
37
45
35
46
37
44
36
37
38
34
33
46
38
43
49
32
45
41
43
33
44
34
35
49
49
37
47
36
43
49
48
34
34
33
41
40
44
45
40
33
35
49
35
36
49
49
41
67
32
41
37
49
45
39
36
42
48
39
45
42
32
46
38
38
44
44
47
37
31
37
35
67
31
49
37
34
41
45
48
43
44
49
46
33
35
31
46
33
49
39
34
37
45
67
34
36
46
33
41
32
33
44
49
39
45
32
67
36
48
49
32
44
37
31
48
44
42
33
67
40
67
35
37
36
34
39
43
48
45
31
34
37
35
38
47
34
40
47
33
32
36
33
31
31
32
32
33
43
67
32
33
41
33
33
45
40
40
31
31
40
33
31
36
34
36
41
40
39
40
49
48
41
46
36
42
45
31
33
31
33
39
33
40
45
38
35
36
37
41
36
42
48
37
33
31
39
35
41
49
32
67
42
33
46
40
37
47
33
34
48
31
35
41
44
35
37
40
45
32
33
36
36
47
38
46
47
36
36
48
44
40
49
40
31
39
45
67
33
49
34
43
37
47
35
48
40
43
36
44
44
48
45
38
40
46
32
31
48
36
36
45
40
31
35
49
41
32
45
46
36
37
47
49
32
43
35
45
33
35
43
32
43
46
44
48
67
34
31
37
31
42
43
35
49
42
41
40
32
32
40
49
38
38
46
34
40
34
37
45
48
38
32
48
35
42
46
40
35
13
38
41
49
47
36
39
34
47
49
35
32
45
32
44
48
46
46
39
33
34
43
45
32
43
43
48
39
49
35
45
46
31
38
36
46
49
34
36
44
47
40
37
40
31
35
34
46
48
43
36
41
35
43
35
45
34
32
35
44
48
43
37
39
32
46
44
46
35
38
40
44
49
36
43
47
42
38
36
42
42
36
41
38
46
48
44
48
44
32
43
38
38
43
48
34
34
48
34
33
39
39
41
43
45
37
38
45
31
43
32
41
47
45
49
34
46
67
47
47
42
46
38
44
43
41
43
47
31
44
47
34
45
34
41
31
44
42
39
47
48
32
34
31
35
34
35
33
38
33
39
45
34
36
47
47
38
44
31
39
42
39
46
37
45
32
34
47
41
49
41
44
31
48
45
43
48
48
42
41
46
42
47
49
35
44
34
49
39
48
39
43
46
42
43
46
48
41
37
32
38
31
48
39
41
67
47
39
31
33
38
48
46
39
47
35
36
45
34
67
43
39
43
42
37
40
37
44
45
37
67
47
35
37
39
49
47
40
45
34
37
44
37
49
44
46
41
48
35
38
47
40
45
40
32
41
45
47
49
46
47
38
46
32
39
48
46
43
47
34
47
38
43
41
39
39
42
67
32
36
41
38
49
40
41
39
38
34
39
43
40
40
48
49
38
47
46
37
37
36
41
47
32
35
37
33
47
35
44
35
45
49
46
42
32
36
40
41
48
41
42
39
49
44
41
38
39
38
36
33
38
46
36
44
46
38
47
39
37
37
40
33
40
35
40
35
44
43
31
47
67
31
55
58
61
57
72
54
50
60
74
72
72
57
57
56
60
58
53
61
54
57
59
51
52
50
61
58
51
50
55
50
60
52
50
54
58
55
74
50
58
53
59
53
60
57
60
53
52
58
58
51
59
56
53
72
57
58
51
50
61
58
56
54
51
53
57
60
59
59
55
51
52
55
51
50
51
60
61
58
59
60
60
58
55
58
54
59
60
52
57
54
56
56
50
59
72
50
60
52
52
72
53
74
50
57
74
56
61
68
56
72
61
60
72
59
59
58
54
50
50
58
56
51
56
61
53
60
57
52
59
59
74
52
51
53
55
54
58
58
58
56
57
56
55
72
60
50
50
51
72
57
53
54
59
54
51
59
51
60
74
56
55
55
54
55
52
50
58
56
56
72
55
54
57
59
58
55
60
52
54
61
50
58
60
51
61
52
52
72
57
59
56
74
54
50
52
55
57
50
56
54
59
61
60
56
53
56
51
55
52
51
61
52
60
61
57
53
55
59
53
57
74
56
59
59
60
72
54
53
53
54
58
50
60
56
52
58
55
57
55
53
57
52
72
51
56
72
59
57
55
61
56
58
61
52
61
57
57
61
60
53
57
55
61
60
55
58
58
58
54
51
56
55
60
54
51
55
54
51
54
61
61
51
52
55
57
54
59
50
74
50
72
54
53
56
56
59
67
57
54
58
56
50
74
54
57
60
74
61
72
61
53
60
53
57
53
50
54
50
59
57
55
52
55
57
50
58
52
52
59
53
50
52
54
52
72
59
54
55
68
53
50
54
59
59
50
52
53
51
56
52
53
57
53
56
53
51
51
51
60
57
57
53
61
56
61
54
52
56
59
72
53
68
53
52
72
72
60
72
54
61
58
51
74
61
52
51
50
56
52
51
54
56
50
57
58
56
51
52
54
55
55
56
59
55
57
58
52
61
58
61
59
61
60
55
58
58
53
55
52
53
74
56
61
56
60
54
72
60
54
52
54
74
51
51
74
59
58
74
53
54
58
52
55
60
52
52
60
56
61
57
53
59
56
50
58
74
55
72
50
51
60
60
55
51
53
58
51
60
72
51
54
60
51
55
60
74
56
61
50
59
74
55
60
53
54
72
53
51
59
56
50
58
57
59
52
61
53
58
61
55
50
57
72
61
59
22
57
59
50
50
51
57
72
59
51
61
68
60
52
50
55
50
53
54
59
57
72
53
55
56
53
57
51
60
58
50
52
61
55
51
54
61
59
73
73
73
73
73
73
73
73
73
74
74
74
73
73
73
73
74
73
73
73
73
73
74
73
74
73
74
74
73
73
73
74
73
74
73
73
74
73
73
73
74
73
73
73
73
74
73
74
74
73
73
74
74
73
73
73
73
73
74
