358
130
17
79
401
69
88
141
415
152
357
237
193
279
374
278
128
253
101
354
99
11
47
39
345
383
361
353
354
351
7
11
33
32
46
59
128
243
90
91
374
79
368
232
260
121
256
376
256
287
326
86
324
311
161
87
210
357
309
117
176
221
78
398
166
417
129
352
352
244
402
19
242
0
20
239
244
158
344
353
218
404
298
400
101
175
189
322
329
192
102
363
364
351
404
35
85
184
41
162
287
404
336
391
195
380
39
123
325
42
113
267
265
46
249
249
359
31
78
337
108
221
28
31
43
367
82
26
123
336
413
31
281
31
148
192
152
209
399
108
257
42
364
358
140
239
7
20
397
27
255
89
190
276
252
262
207
119
54
391
208
336
272
186
166
46
120
338
200
414
5
333
287
285
332
106
243
48
53
75
156
31
286
348
100
338
19
340
217
56
250
95
19
309
135
392
157
142
373
180
217
89
270
162
325
304
394
299
68
110
27
127
300
397
347
201
28
289
338
341
59
269
268
1
149
118
335
215
189
131
376
290
417
175
243
115
328
191
252
250
418
104
26
74
134
207
144
266
397
294
91
209
193
305
209
49
346
410
324
346
414
30
150
189
26
331
175
400
118
211
90
61
212
184
316
248
219
285
173
145
104
317
117
126
143
303
117
68
230
191
172
342
67
401
229
86
30
111
390
216
152
229
229
94
67
197
8
123
303
183
126
413
228
302
333
382
380
1
289
121
291
291
157
261
183
301
213
383
62
408
110
130
377
21
342
58
253
409
84
88
79
362
328
374
355
245
194
52
0
147
126
409
293
151
72
2
33
299
398
247
415
211
358
9
213
313
178
62
241
304
216
24
314
96
238
149
16
178
308
118
258
208
369
94
255
222
146
319
130
1
228
314
199
414
340
78
294
374
161
408
81
271
79
355
399
58
313
364
16
304
276
9
69
153
388
201
374
345
376
22
57
27
55
379
226
293
302
267
73
174
175
171
361
302
282
329
86
62
364
388
21
298
362
154
172
127
32
264
103
197
138
140
14
76
197
374
154
122
391
106
298
171
27
125
196
350
44
109
41
248
69
385
117
5
339
178
362
218
354
316
165
64
106
124
270
82
168
255
36
83
333
128
299
361
286
297
89
147
292
189
198
40
168
260
186
305
6
39
277
319
182
135
13
18
200
74
327
198
149
305
182
106
100
376
243
420
222
126
347
140
204
172
21
129
165
137
285
225
226
67
216
190
144
400
207
160
66
151
148
160
224
349
44
398
155
150
89
256
162
285
237
282
226
321
256
127
148
401
136
343
204
336
411
395
28
171
253
241
367
134
306
415
145
83
395
27
236
233
83
345
252
40
37
374
328
217
413
21
29
311
6
238
348
390
6
331
117
9
362
134
326
369
73
329
155
353
249
215
307
313
102
0
293
295
118
368
321
125
38
347
415
341
164
346
297
176
381
272
117
152
368
217
158
9
394
107
79
410
138
302
230
11
341
350
37
202
386
181
347
130
329
271
84
217
95
352
343
198
375
139
323
198
333
243
355
175
315
170
124
124
158
41
122
22
411
348
322
79
229
12
257
399
360
332
146
320
294
273
272
356
86
86
299
168
129
181
243
74
45
380
316
351
234
202
163
60
147
203
29
367
117
380
180
168
319
99
411
129
66
358
27
179
160
234
81
393
34
189
324
3
195
87
218
111
255
261
179
269
222
230
158
220
324
116
88
30
69
295
272
202
132
66
94
384
396
164
232
81
98
269
272
406
316
208
387
165
176
86
229
148
327
222
167
223
242
56
80
122
292
360
263
198
6
305
99
227
249
159
82
356
211
48
60
170
30
368
409
17
33
100
373
415
16
4
237
80
219
163
326
251
244
168
219
234
8
106
403
35
317
409
319
34
32
378
382
341
233
247
418
244
405
359
242
339
13
314
229
97
120
127
126
33
399
242
176
48
206
239
412
121
312
305
133
417
157
180
62
286
111
416
49
131
403
134
93
362
56
382
366
50
192
361
340
326
96
183
323
251
325
131
63
327
253
138
86
419
122
258
338
148
151
372
202
262
286
106
264
159
380
264
264
110
26
72
415
319
357
392
263
278
200
64
178
116
335
348
237
102
219
416
293
268
363
270
211
236
130
151
256
355
79
25
329
327
51
169
66
378
343
96
298
109
405
317
141
389
126
273
177
264
328
270
56
182
274
283
114
321
136
201
57
177
334
222
110
261
208
125
387
169
65
213
325
270
283
203
9
256
256
248
238
294
264
291
286
101
273
378
307
352
269
16
319
131
324
64
379
47
21
22
112
236
203
40
281
192
285
402
393
35
371
168
90
301
113
71
31
201
340
91
246
51
396
309
38
276
226
347
47
109
44
246
138
194
125
170
54
10
184
377
248
143
167
394
420
112
232
108
392
350
378
277
216
175
276
179
173
411
124
37
89
9
64
81
211
296
247
169
374
112
247
290
393
166
371
134
340
272
391
255
228
349
9
27
224
344
313
185
193
59
297
277
413
2
410
10
277
16
54
258
71
216
203
263
26
410
8
141
120
356
382
258
124
346
116
279
408
21
317
279
172
171
364
8
210
91
387
211
209
148
205
387
188
98
239
237
363
84
136
413
362
403
154
10
406
185
199
222
274
189
282
368
273
343
273
329
213
104
365
56
259
261
33
39
130
284
240
65
252
342
5
227
177
163
171
80
210
392
409
212
259
13
39
384
343
226
193
149
363
80
54
395
184
240
63
409
3
119
51
363
62
162
315
7
62
386
82
334
114
244
151
306
372
71
139
164
211
156
306
180
170
63
299
342
73
264
58
164
161
383
156
180
135
162
249
208
271
92
29
409
302
238
334
225
349
389
204
71
410
410
406
365
241
137
106
420
158
84
330
316
143
205
306
57
297
393
251
187
84
311
7
338
225
375
66
5
134
207
331
274
111
407
126
76
89
3
133
390
355
252
38
109
77
391
411
200
97
50
46
173
186
181
269
186
208
46
382
285
48
125
265
60
305
116
302
135
146
379
339
369
70
334
52
196
368
408
308
44
417
19
187
407
168
328
285
203
395
130
63
19
230
161
235
7
190
189
261
51
325
328
307
186
235
184
51
302
260
135
240
64
322
130
224
152
158
72
356
32
324
278
164
174
206
349
229
287
58
327
76
266
346
29
312
58
192
146
308
26
373
397
297
43
193
306
173
287
56
2
396
34
333
67
80
289
352
101
97
307
278
288
276
190
45
123
14
227
388
139
59
378
298
204
200
348
291
365
382
223
176
257
140
17
189
406
208
219
190
152
410
63
32
310
49
142
156
73
290
177
345
57
279
299
400
300
226
309
345
235
412
145
19
269
23
356
125
8
64
95
55
266
146
367
382
410
242
371
201
273
239
238
258
290
36
61
5
164
57
196
368
313
295
408
18
253
4
92
174
269
45
86
77
405
77
4
286
416
331
329
360
238
347
53
180
393
59
366
1
292
366
287
31
169
292
299
235
390
401
378
153
8
305
189
200
276
178
247
146
213
276
45
268
332
132
317
152
56
237
235
115
119
209
62
393
5
71
348
336
326
54
348
103
207
347
4
281
212
110
351
207
93
412
38
193
221
175
339
115
154
173
49
287
408
212
245
338
54
262
160
134
296
234
289
267
330
393
74
68
240
373
152
159
370
181
63
218
406
158
14
385
399
115
143
35
320
221
340
47
367
322
195
203
289
228
377
335
241
340
236
58
193
388
216
29
371
24
399
348
391
61
173
17
397
346
40
123
81
392
35
273
221
116
122
413
283
61
271
337
262
412
93
133
145
287
228
322
373
200
336
37
230
33
257
15
44
221
179
156
273
334
152
42
274
120
306
120
207
118
303
194
76
60
339
18
82
166
398
120
104
265
85
187
78
180
411
262
233
106
250
34
277
181
297
315
85
238
279
98
30
340
352
377
65
370
113
143
377
339
313
319
177
378
113
165
99
125
244
209
102
342
62
232
321
364
20
319
271
269
326
406
244
132
51
6
418
316
307
108
98
235
396
274
246
159
300
288
419
374
285
278
202
220
215
247
136
203
25
134
351
275
288
234
140
365
209
20
138
217
392
286
189
219
363
157
2
154
218
214
411
197
187
227
205
142
365
275
3
310
251
314
189
315
149
290
401
275
108
85
84
385
320
206
302
112
85
398
367
326
139
398
200
97
69
214
5
22
277
130
278
157
21
121
232
201
21
393
14
11
1
396
60
373
181
327
125
278
338
143
394
182
331
313
315
275
288
356
114
265
121
2
407
337
22
109
294
406
198
66
358
360
99
239
218
391
270
250
172
48
24
415
257
311
210
80
321
292
250
182
136
80
339
131
102
184
243
376
1
9
380
245
397
101
289
62
0
43
323
135
205
354
122
132
209
186
259
87
269
346
340
340
277
139
9
371
198
412
389
327
115
222
114
255
387
169
133
99
3
98
210
358
42
366
351
400
379
8
366
103
204
20
160
227
140
297
247
388
119
227
243
144
264
60
180
120
94
101
25
50
93
114
245
331
87
316
51
298
364
232
210
109
396
56
286
2
142
75
154
107
204
128
27
126
22
111
73
145
415
102
54
315
222
136
91
332
318
391
110
111
228
187
221
178
91
28
416
363
252
55
37
364
349
311
242
1
40
10
297
285
347
416
351
281
293
174
216
330
413
64
402
92
109
121
333
268
64
132
6
60
130
95
89
346
333
360
304
370
372
79
146
240
42
40
302
374
248
371
245
63
133
85
225
320
335
39
261
214
310
69
103
301
407
53
61
244
214
295
12
302
16
370
325
233
74
297
31
234
195
338
221
20
354
151
264
179
400
8
55
356
234
228
191
284
44
138
342
141
103
179
261
225
25
130
191
335
137
309
76
167
184
165
303
52
231
219
336
208
89
71
172
55
49
69
234
263
180
27
179
334
273
199
383
250
141
176
283
222
293
334
213
418
147
68
12
147
245
62
355
111
293
104
284
225
258
333
89
197
315
83
206
366
18
194
21
93
280
384
219
223
224
360
154
16
95
231
191
258
191
242
128
76
54
110
67
187
79
27
53
237
337
77
80
45
220
77
91
314
185
333
379
36
175
350
61
411
282
354
120
1
357
241
320
345
255
356
148
17
275
164
232
247
92
92
294
36
178
346
313
48
6
227
149
63
34
362
323
258
359
190
231
181
13
125
375
288
51
293
0
394
239
357
321
146
365
350
143
344
396
69
413
15
320
309
382
73
319
75
29
199
36
11
418
12
103
87
37
371
201
391
355
419
173
74
163
188
113
312
104
47
68
105
167
300
55
146
366
363
325
398
294
156
58
199
284
232
414
154
199
148
221
131
199
129
39
64
215
123
176
407
221
228
390
47
42
345
330
289
278
48
32
85
6
339
158
168
111
265
232
62
263
263
1
106
373
47
240
193
416
318
332
257
162
355
128
104
268
181
93
323
67
83
198
334
211
218
315
383
294
2
18
169
375
104
315
52
280
83
10
14
375
13
32
235
150
106
181
45
394
174
13
305
223
356
19
271
101
117
252
368
95
305
26
153
334
329
387
317
77
179
169
385
76
392
51
147
257
22
363
385
416
98
328
104
284
72
345
361
196
140
150
195
24
220
366
282
395
115
139
6
347
141
128
70
387
134
138
182
393
48
176
272
408
367
229
67
267
141
255
408
281
309
180
114
344
162
252
330
383
344
94
196
3
168
335
331
400
2
278
188
113
170
330
226
113
377
203
372
310
28
272
141
365
321
419
379
57
37
344
95
25
231
87
183
344
47
58
304
358
15
119
299
134
204
155
337
279
35
210
22
194
28
385
100
249
394
384
89
13
273
202
354
345
186
396
408
94
81
1
322
126
102
174
182
12
206
63
112
242
61
245
113
73
195
171
160
126
289
236
365
236
137
34
256
14
390
399
217
317
420
66
101
335
407
37
226
332
194
254
302
386
38
142
257
245
194
129
208
307
149
42
403
343
51
370
107
402
224
137
316
289
43
259
372
324
166
151
366
186
10
270
419
380
215
203
376
152
23
278
100
43
57
318
138
239
69
304
175
84
250
301
339
13
370
20
92
166
252
410
246
220
70
266
284
45
28
272
84
87
292
355
328
246
127
191
296
29
380
377
296
170
293
217
265
153
296
365
230
202
152
193
50
163
276
418
86
96
282
10
12
361
271
136
349
166
224
196
297
274
341
403
142
122
368
7
14
197
405
200
350
37
290
341
83
342
83
258
280
160
129
219
167
387
418
168
131
320
153
155
13
132
395
295
395
148
295
153
52
207
178
170
62
62
214
123
178
276
315
420
358
128
399
153
376
23
409
17
135
246
225
134
41
371
183
373
172
414
282
150
30
263
102
36
82
116
396
154
336
295
199
34
110
94
406
196
75
340
123
242
118
376
247
307
289
222
260
375
167
132
303
255
234
378
131
369
23
143
82
36
220
263
126
23
270
266
172
247
309
30
90
407
272
155
78
82
259
60
155
34
381
314
244
170
88
11
105
213
308
127
323
77
7
363
300
132
53
327
59
277
373
261
41
353
306
248
36
318
84
57
351
333
173
325
44
51
50
146
159
133
384
223
305
66
125
251
32
45
229
105
92
320
179
391
32
39
414
199
128
133
46
53
5
248
281
419
133
100
26
236
341
268
330
52
215
10
127
295
394
12
135
275
82
308
286
14
314
247
357
310
224
28
24
174
330
417
317
8
361
107
109
136
362
384
67
420
131
336
76
324
358
281
137
412
61
74
335
342
375
254
271
241
41
386
286
37
59
36
111
290
343
41
383
314
191
26
163
342
389
92
299
297
243
336
15
106
208
207
171
182
348
372
167
399
393
420
200
113
219
231
403
85
397
391
222
11
219
203
143
105
121
404
266
312
362
105
353
18
230
159
415
124
169
288
241
326
301
251
419
53
318
93
350
65
206
205
221
330
234
412
246
184
24
70
267
300
405
392
379
255
397
306
61
153
88
100
57
236
32
3
71
164
66
280
382
94
414
405
156
282
108
44
128
114
321
359
384
100
143
382
287
357
344
103
349
402
260
0
159
260
245
45
176
95
240
11
342
375
190
389
329
152
22
205
77
286
398
416
181
149
376
185
17
140
304
93
107
122
25
134
244
408
360
200
377
139
167
60
343
318
69
78
38
24
7
378
329
364
169
96
371
280
329
346
130
56
168
334
259
142
106
70
31
371
313
344
199
67
310
32
290
303
98
306
352
201
378
325
409
318
245
390
282
328
341
73
246
235
0
79
250
185
101
173
258
84
245
254
408
52
124
214
298
194
303
108
300
65
354
215
78
67
89
370
324
400
403
339
163
300
419
2
301
12
383
370
268
399
366
112
90
296
251
369
292
290
290
269
72
9
237
282
384
392
337
121
415
119
47
349
293
119
287
158
302
34
118
239
2
283
201
85
144
33
185
115
359
367
315
65
1
214
420
76
139
185
148
99
389
137
362
278
250
160
227
187
290
417
224
254
191
101
232
216
360
162
219
365
155
254
185
190
157
157
378
102
359
393
316
355
2
107
407
142
205
38
33
322
138
145
259
260
367
296
157
233
135
180
243
331
379
113
297
0
52
159
150
243
154
376
321
328
131
296
287
230
153
46
250
119
136
371
195
351
231
215
147
177
311
317
258
220
270
254
252
233
362
295
277
395
341
40
253
176
159
218
15
316
215
159
195
413
131
145
114
18
386
369
405
24
265
372
172
23
285
212
97
265
106
337
224
192
77
370
213
402
381
372
301
304
215
107
195
233
314
161
100
107
226
83
116
174
163
400
322
341
232
291
196
50
4
179
320
213
187
188
403
353
300
300
54
210
311
13
15
108
312
49
42
346
188
310
71
61
5
188
383
59
88
67
414
185
120
326
72
55
312
82
349
37
82
192
357
10
231
331
110
313
378
188
118
143
412
167
260
49
220
104
47
209
375
236
195
88
127
46
87
164
267
399
419
353
279
204
43
416
391
288
148
65
66
337
113
199
257
76
37
99
335
124
197
159
173
405
182
48
80
281
283
74
280
138
324
388
416
207
241
46
23
124
117
44
412
397
356
240
195
258
253
175
174
336
90
205
386
281
215
66
194
383
390
161
29
339
386
332
3
267
374
6
315
343
59
343
83
246
385
284
192
355
242
197
207
249
303
155
350
191
246
385
241
238
403
175
276
187
266
194
57
280
416
70
53
334
121
396
24
144
182
132
242
276
165
294
356
351
267
277
15
4
99
42
274
56
405
11
258
115
228
243
254
13
83
362
323
251
79
40
261
192
174
397
124
68
307
275
94
300
218
306
30
88
417
60
342
78
369
349
380
122
405
313
385
267
99
151
293
296
252
279
173
86
296
282
198
236
264
353
394
216
4
397
142
109
35
260
173
364
401
156
405
310
19
78
359
14
387
284
419
80
118
418
87
386
194
98
43
287
149
328
340
8
29
11
137
366
174
164
71
305
13
370
75
71
46
381
16
401
214
85
301
7
96
390
165
330
249
4
36
257
354
266
149
3
96
15
288
84
176
338
10
327
369
154
172
170
4
398
274
282
364
52
199
22
381
108
179
352
23
273
144
381
161
103
12
116
203
126
395
270
389
188
188
50
3
351
206
188
58
336
380
18
114
291
70
144
15
416
355
186
67
365
72
263
358
404
250
120
75
53
290
16
275
245
398
109
223
124
84
405
322
342
17
151
332
298
206
73
300
308
375
45
9
388
411
46
270
386
409
262
248
233
200
415
223
370
144
164
265
181
293
256
275
369
329
0
54
309
300
218
26
212
184
270
184
180
372
97
284
303
176
229
102
156
415
318
101
241
99
220
182
255
320
294
71
204
238
52
411
387
269
285
265
93
347
417
229
395
237
413
404
74
262
139
360
262
232
340
280
204
75
115
240
325
383
183
297
115
259
352
332
404
116
76
91
156
277
11
367
359
166
96
234
90
21
40
234
143
245
341
150
19
372
77
16
2
81
69
167
365
279
413
402
318
194
186
364
337
235
190
241
383
127
239
68
384
90
83
187
69
230
326
30
268
299
339
86
67
101
105
145
190
128
171
183
66
90
318
55
48
210
406
74
233
133
94
151
233
15
420
160
220
7
3
248
316
178
209
28
49
291
250
413
156
145
271
365
63
68
253
253
409
381
412
295
148
47
210
49
331
308
293
87
43
244
170
88
160
263
394
48
348
285
55
262
350
311
273
225
233
318
261
42
198
299
35
105
417
388
17
59
344
129
231
113
179
390
357
125
134
157
260
103
227
312
312
156
218
373
60
25
85
386
274
259
35
120
196
381
150
268
338
142
307
207
65
119
398
189
118
25
227
213
217
5
107
39
359
15
418
249
197
417
379
95
308
151
379
140
37
298
372
21
41
18
208
98
6
78
381
256
212
353
141
40
403
110
389
73
139
235
324
150
136
237
80
333
263
402
78
214
197
59
419
25
154
312
14
373
122
402
202
257
57
36
135
384
309
22
335
417
198
306
332
400
161
183
274
254
412
192
137
333
172
238
35
207
317
263
118
382
202
139
377
346
231
64
324
127
361
39
323
52
183
206
19
72
359
140
294
273
257
311
249
39
19
206
418
292
205
4
4
28
303
381
117
185
161
1
162
224
28
104
377
388
313
236
268
280
31
122
94
348
321
113
261
407
229
179
171
289
420
23
158
132
332
215
95
161
231
326
393
212
304
406
218
239
189
184
327
69
46
295
235
262
14
24
135
266
264
40
380
105
287
98
201
283
337
319
369
254
49
411
168
88
344
132
227
317
194
259
230
38
124
251
59
25
223
47
141
274
244
148
115
353
385
269
247
335
7
381
283
163
312
97
136
210
191
104
392
53
21
85
246
79
152
23
262
8
102
61
44
137
166
136
133
163
0
109
206
308
95
281
205
345
227
142
157
23
160
19
105
38
330
146
147
223
345
304
255
139
41
236
333
11
144
97
214
335
145
335
190
130
264
377
166
43
293
147
77
201
324
346
282
90
26
105
420
52
61
292
411
272
412
186
376
192
73
29
81
321
353
87
34
185
327
80
91
357
307
120
81
123
308
387
338
210
116
55
401
385
206
208
392
121
58
149
334
389
155
284
211
72
88
87
420
328
82
18
217
177
155
304
210
172
28
169
125
205
117
171
10
75
33
392
183
350
198
326
144
110
315
75
105
64
298
39
4
89
413
243
20
234
8
212
30
202
223
140
9
228
279
126
141
237
127
178
137
140
222
3
68
78
71
123
71
414
133
107
193
158
53
401
331
48
166
112
283
8
289
248
20
404
99
34
163
12
223
165
321
123
361
161
108
384
368
281
322
286
375
72
191
96
112
92
313
119
402
5
157
50
204
185
303
9
98
98
193
407
155
418
196
42
64
338
204
399
96
272
200
0
323
389
65
363
187
188
25
392
20
197
45
298
262
51
261
140
107
147
122
49
288
319
112
41
247
97
309
193
414
309
311
96
95
356
209
352
240
383
301
301
214
370
75
386
280
38
5
259
254
279
377
169
299
420
388
139
138
288
145
241
372
33
145
203
209
12
197
74
253
74
193
379
31
177
35
260
177
221
320
388
34
76
127
91
158
44
229
220
39
269
228
384
169
65
117
356
24
323
260
417
301
89
18
368
226
272
123
190
58
97
93
226
123
50
54
43
287
25
35
177
310
349
211
75
322
212
81
199
352
411
306
323
75
83
281
377
74
186
407
114
271
16
343
400
341
85
21
253
110
361
153
30
267
133
157
187
259
177
389
33
295
233
82
251
224
2
267
18
53
136
135
202
141
296
169
216
314
77
72
93
322
205
25
205
366
410
292
402
266
129
162
111
91
165
291
310
184
354
248
40
52
70
303
368
254
166
190
385
84
88
370
90
316
211
226
350
395
128
311
175
357
276
414
414
230
129
24
109
73
92
277
209
220
361
92
361
155
40
129
165
367
182
244
97
91
292
410
100
50
177
374
174
330
248
230
33
23
283
168
376
38
236
150
160
31
163
235
154
160
202
129
359
288
225
196
12
330
242
60
17
348
379
156
342
269
20
162
212
255
170
353
108
406
354
407
114
314
63
292
314
171
314
20
138
360
345
304
311
108
296
107
347
100
144
389
7
303
367
112
33
213
401
47
81
260
10
41
70
0
298
384
251
403
103
121
231
155
271
395
351
404
125
310
188
49
257
30
264
146
65
167
96
305
379
337
26
111
36
195
291
111
231
371
310
147
332
132
267
217
75
38
402
150
90
68
375
326
359
347
68
373
403
368
225
336
167
241
319
164
375
398
80
115
304
17
49
397
57
103
68
70
70
313
331
7
178
277
382
359
141
56
42
97
214
404
312
53
237
29
78
92
394
214
92
94
261
112
159
161
57
94
380
418
404
181
281
305
186
366
77
43
137
56
86
323
211
318
291
396
249
358
43
325
192
103
151
239
252
27
265
390
401
275
227
401
54
22
354
327
283
6
275
4
328
103
362
238
286
280
172
385
65
317
16
197
349
45
116
127
357
50
318
240
216
43
294
115
171
198
363
306
394
308
224
13
81
249
165
419
50
308
144
217
271
93
274
276
360
307
349
240
360
412
266
119
337
55
119
378
280
170
203
400
146
242
217
99
388
159
325
14
341
167
284
112
10
415
279
55
147
240
216
254
350
215
72
41
149
60
256
58
165
211
15
237
121
59
225
104
29
70
116
44
396
201
142
288
317
63
266
369
11
196
408
268
116
212
251
339
0
352
404
409
165
267
183
343
386
183
265
278
296
387
90
65
105
253
137
369
131
16
102
316
400
225
299
404
393
374
406
238
114
219
24
153
17
150
131
45
118
32
112
157
158
280
309
73
312
182
27
223
118
100
226
325
153
302
284
381
100
405
291
358
79
162
390
320
18
124
292
410
344
380
232
