941
940
724
952
960
985
726
968
741
868
991
963
959
999
729
939
996
721
941
721
718
949
954
728
974
942
965
946
720
995
950
944
725
956
413
734
435
955
997
973
984
724
956
941
724
951
736
958
982
730
958
993
730
989
973
937
999
973
568
983
978
741
965
949
981
976
981
999
737
953
733
984
982
995
967
972
964
946
961
868
939
953
992
944
950
969
728
984
972
727
962
740
980
718
939
727
969
733
995
957
140
940
737
997
975
953
970
889
952
991
741
718
721
967
966
725
723
946
942
987
985
973
981
992
957
714
972
435
943
968
940
728
951
951
868
982
999
722
721
968
724
982
952
734
729
962
999
726
992
723
937
719
944
975
726
728
975
957
954
435
976
986
719
937
996
868
156
719
950
714
949
987
970
140
729
734
942
736
991
962
985
960
733
983
948
997
943
974
975
937
969
989
730
741
974
960
973
980
156
427
996
740
948
942
948
723
974
959
958
959
963
970
943
989
725
955
722
140
961
726
723
991
993
978
950
736
720
728
952
957
725
970
949
964
959
985
986
944
978
983
993
730
940
722
967
740
954
995
996
947
983
948
976
733
980
730
964
943
972
740
972
992
723
737
741
997
435
736
949
140
964
978
952
961
969
960
965
976
736
718
714
968
967
427
968
996
953
962
986
721
997
984
966
729
946
965
737
868
993
939
986
958
947
991
427
718
961
427
989
980
722
965
725
978
969
986
947
985
987
727
982
734
941
975
970
967
724
727
961
948
947
987
984
720
951
941
989
719
976
951
954
427
987
720
981
939
940
950
413
168
154
742
133
456
139
308
160
345
169
152
150
168
153
285
742
149
401
331
129
144
305
153
331
345
163
133
300
155
245
132
242
708
134
155
156
169
132
155
142
357
167
165
350
742
154
145
148
131
495
743
161
132
317
139
130
152
155
139
130
133
142
160
305
128
392
130
161
127
131
708
708
331
392
245
244
317
146
362
392
126
166
392
305
159
151
244
245
157
262
163
266
743
144
158
266
331
404
169
128
150
167
146
439
158
362
139
129
131
151
134
362
262
439
142
362
368
126
157
158
351
159
146
160
153
152
368
743
134
168
127
362
146
404
338
456
244
414
495
495
128
165
126
404
266
305
245
151
166
158
157
164
743
165
495
152
242
345
159
161
242
151
439
439
353
708
317
134
378
244
148
163
163
144
413
129
708
380
145
308
126
308
308
132
160
168
128
133
350
317
167
262
166
127
317
404
154
144
127
152
305
169
242
156
166
131
148
165
167
130
164
495
345
159
266
742
166
18
161
148
149
129
164
157
138
186
186
707
702
706
271
269
175
703
705
180
176
300
312
184
185
182
312
185
153
698
703
306
172
183
705
702
164
171
172
262
179
421
171
171
185
154
138
182
171
150
702
181
181
145
183
179
186
182
180
656
172
179
138
703
335
174
174
705
184
351
706
183
170
662
186
707
315
175
707
179
351
161
704
172
138
706
455
149
185
271
174
312
174
704
706
181
703
702
182
271
704
181
698
171
351
704
338
271
149
177
705
150
180
145
180
183
707
184
178
142
184
748
216
198
230
207
191
192
209
198
187
232
210
227
228
231
198
230
227
219
187
215
226
223
216
215
229
226
229
191
196
200
222
200
188
224
201
201
225
231
232
216
205
210
219
224
192
233
194
748
206
201
210
224
214
207
204
215
191
196
231
201
200
212
199
190
224
229
227
187
190
209
199
212
208
225
189
200
220
208
195
197
226
201
206
190
191
188
214
223
223
746
199
229
199
210
189
228
190
225
209
194
214
233
230
224
233
212
208
198
225
748
208
222
196
189
192
228
212
220
232
233
195
204
231
189
206
187
194
188
187
226
232
232
197
197
204
748
209
216
202
225
189
223
215
192
207
212
228
196
216
204
748
195
230
192
207
205
195
197
214
205
215
198
214
191
194
222
188
205
222
210
63
37
746
746
220
34
218
202
34
749
747
221
202
749
37
747
747
747
746
218
746
218
749
207
37
218
100
202
747
220
227
227
219
206
221
745
219
749
37
492
451
264
580
461
399
269
288
714
421
375
328
376
406
258
418
336
275
374
285
476
353
431
280
429
400
330
411
284
699
790
463
434
394
309
314
886
367
457
472
374
348
292
342
361
938
409
344
369
279
609
485
597
250
425
447
473
469
323
408
423
247
291
420
486
411
309
295
366
273
433
440
313
272
421
245
460
449
372
493
334
177
458
382
462
279
478
384
340
344
370
336
493
259
387
609
295
349
299
457
394
479
464
466
356
369
416
478
483
359
588
300
487
268
243
468
335
357
461
273
354
418
264
299
323
323
361
425
433
339
494
416
476
307
406
430
422
385
609
256
307
284
376
420
496
357
347
407
297
407
261
319
419
412
393
326
455
354
444
480
482
260
382
301
255
378
313
483
316
346
353
267
460
476
357
417
454
499
398
301
463
425
466
373
268
252
363
483
322
509
384
295
12
258
356
496
333
366
339
368
405
292
430
274
277
379
323
448
889
480
348
452
243
250
137
408
282
307
329
299
471
479
399
433
441
421
355
459
263
466
509
356
380
422
438
273
349
482
365
445
428
292
407
359
542
294
328
274
385
282
176
348
275
446
457
137
253
383
355
335
318
319
277
363
379
584
402
460
494
12
492
347
366
281
656
442
478
464
428
456
340
423
517
380
442
889
499
366
588
373
293
430
254
364
298
436
474
411
261
487
270
453
450
446
417
420
316
424
323
431
414
498
480
498
332
391
350
468
451
255
410
177
423
462
436
490
402
327
714
337
597
360
284
276
476
251
296
405
454
306
359
333
287
412
289
347
349
375
344
340
256
455
329
348
494
424
406
417
12
790
475
938
364
253
326
252
386
421
347
485
480
478
316
461
401
479
465
441
578
253
405
247
438
277
465
303
409
517
272
460
311
486
438
469
301
446
268
444
338
338
253
343
320
250
493
295
324
251
337
699
370
12
370
252
370
365
453
300
290
360
311
377
384
288
336
449
320
396
297
485
417
447
428
419
484
450
329
290
455
475
433
584
284
487
497
463
332
889
481
490
479
367
365
339
320
470
373
424
361
294
334
369
413
473
385
469
372
294
358
483
255
456
406
387
478
289
314
297
266
431
889
509
293
279
459
310
272
319
408
278
414
343
398
447
499
373
461
472
289
699
252
333
438
330
327
418
398
354
474
577
264
396
303
396
385
517
343
269
170
346
481
267
256
387
509
938
368
267
293
350
490
255
365
474
315
790
276
434
480
263
275
472
492
580
855
377
580
488
864
425
268
415
299
486
517
311
399
265
277
178
438
496
263
422
498
449
170
471
328
378
412
453
290
352
471
482
254
313
356
363
375
390
332
363
484
656
254
452
429
265
395
307
465
243
175
324
261
399
434
441
492
402
287
354
294
445
337
278
281
542
335
258
280
322
361
173
327
855
309
302
321
431
579
322
287
389
398
497
321
492
314
673
440
864
393
355
497
296
579
396
369
484
450
488
137
353
496
329
589
336
382
415
410
343
267
580
382
428
330
376
494
415
394
325
433
325
444
265
377
327
342
485
288
273
463
287
886
247
285
254
397
400
298
430
451
414
280
275
326
465
261
298
376
398
487
422
251
423
446
264
298
418
379
402
462
290
328
886
456
458
355
407
470
473
452
474
383
484
391
12
175
499
584
325
484
265
176
383
468
309
386
416
247
291
455
413
447
656
255
310
409
379
311
463
372
517
673
390
412
312
256
259
294
297
361
389
475
383
178
938
578
397
372
699
315
274
609
419
352
270
432
346
318
485
375
342
359
374
464
445
378
339
489
269
409
250
441
270
500
442
273
307
450
580
405
306
332
289
334
315
314
584
434
358
301
377
472
177
279
173
938
466
464
364
440
374
459
378
393
259
259
436
831
424
302
470
380
445
349
337
579
488
276
422
436
324
302
410
442
469
379
886
364
346
327
458
272
350
384
278
287
173
281
356
886
280
330
270
429
367
346
390
296
359
289
440
336
597
310
481
260
178
318
400
468
282
482
343
447
321
448
401
358
453
386
864
419
448
291
281
490
353
408
459
268
393
390
429
337
322
473
451
288
391
263
285
291
173
415
386
489
864
397
452
412
471
272
457
324
352
391
389
313
489
274
470
589
325
315
489
318
319
340
342
490
258
420
270
282
296
486
292
411
389
344
397
475
458
260
498
333
454
243
790
278
453
497
303
451
284
380
320
584
367
394
383
306
459
322
449
387
790
483
352
334
297
170
302
450
360
326
176
260
481
410
864
401
855
310
488
444
360
176
597
416
265
293
448
251
173
313
358
588
493
452
316
462
276
454
321
352
303
578
699
300
137
512
821
914
899
855
921
799
916
786
910
893
836
796
753
809
913
919
765
904
908
798
894
381
859
893
896
815
834
844
927
808
815
809
843
839
786
821
896
874
917
833
778
860
851
894
919
908
853
863
929
804
772
443
890
883
800
917
779
866
921
907
911
925
890
860
925
880
766
874
847
862
754
921
776
807
847
834
787
901
906
923
936
773
933
887
806
905
907
562
859
853
845
909
799
859
760
901
914
854
910
933
919
859
901
909
887
918
753
778
936
912
817
910
906
771
913
844
823
758
891
877
797
931
817
820
803
819
828
839
931
846
767
761
791
811
902
824
902
933
883
854
400
798
784
771
829
787
915
765
909
898
895
788
842
935
767
801
788
863
762
780
781
804
866
774
777
757
936
877
826
900
780
765
823
798
847
788
822
781
822
835
750
930
789
892
562
810
381
830
871
786
801
839
934
932
867
789
782
833
920
766
883
899
778
872
875
758
904
934
794
808
921
799
802
381
871
872
900
880
792
853
835
848
814
936
848
829
803
769
875
750
875
858
877
817
870
863
825
757
858
901
773
789
810
880
860
876
913
893
829
822
837
774
783
867
929
932
855
922
918
927
896
875
850
854
833
876
775
816
884
922
828
785
825
821
816
895
870
792
846
906
890
863
562
780
905
861
832
804
759
914
802
931
891
805
796
852
774
789
850
787
750
819
874
791
882
966
819
895
834
813
841
776
919
828
857
876
787
881
878
821
870
512
861
822
785
891
872
895
956
898
826
754
930
818
813
896
873
837
900
869
767
872
840
925
884
927
840
899
791
807
885
816
820
926
850
878
754
827
793
827
779
832
768
862
877
760
837
924
929
847
849
911
856
904
777
757
924
781
891
801
849
869
843
824
912
827
799
768
931
779
915
776
841
815
831
794
763
847
771
825
809
880
853
876
898
813
832
851
887
861
443
754
802
928
892
831
758
873
783
844
810
780
934
787
911
963
852
751
865
955
802
823
851
917
884
795
922
835
927
777
794
805
842
797
902
881
753
890
861
818
805
914
874
820
802
826
785
797
817
773
857
772
830
443
776
918
955
867
775
888
757
924
848
806
762
381
956
849
782
807
915
920
831
816
902
773
858
825
796
903
880
782
934
819
769
797
759
766
857
867
813
926
813
846
924
795
844
786
932
830
763
865
774
923
750
763
762
926
885
922
783
871
933
843
932
866
882
903
830
803
770
851
873
811
909
888
763
882
845
836
925
761
905
865
800
845
912
789
924
779
854
759
856
840
793
760
803
800
826
892
829
835
764
759
806
915
849
922
930
769
928
772
777
923
929
903
767
834
878
792
818
912
783
848
904
869
927
870
892
837
881
811
512
772
852
786
810
892
833
764
862
935
923
824
935
836
858
795
803
869
902
781
827
839
770
885
842
842
920
782
841
881
930
751
898
512
778
894
888
928
895
824
771
806
878
882
794
815
801
768
764
862
866
795
846
809
760
831
784
884
966
751
887
443
963
832
750
893
843
841
788
804
784
807
861
808
775
903
823
816
913
770
907
793
865
935
873
765
769
762
852
898
928
800
814
798
856
761
835
758
810
764
814
751
792
920
856
443
793
820
768
888
805
956
828
899
766
860
885
796
811
753
761
917
907
899
871
791
775
883
916
894
770
911
818
928
908
562
836
850
821
900
916
808
918
906
814
840
926
845
809
784
785
857
908
910
905
916
556
503
649
529
521
655
545
592
548
604
605
596
674
613
502
684
442
579
635
643
633
563
683
570
556
568
624
555
648
558
732
614
536
732
628
598
658
665
593
617
610
586
593
715
627
635
611
535
566
632
576
591
547
502
550
533
652
535
518
523
605
595
558
538
657
667
565
507
646
510
630
716
554
658
566
666
570
667
564
715
672
555
643
622
654
631
519
586
650
685
503
617
520
674
627
644
634
561
527
657
626
611
668
432
520
672
604
666
663
527
621
616
653
738
620
651
645
552
615
539
534
665
531
511
582
631
515
712
681
511
613
732
616
669
500
526
610
668
711
646
596
594
545
523
514
544
678
658
682
628
545
574
666
738
679
540
739
658
341
598
672
536
583
605
622
395
529
575
507
503
544
526
594
602
633
621
678
715
679
587
611
712
574
564
501
539
581
511
535
671
667
645
543
671
522
341
711
622
550
524
528
642
595
631
560
652
664
590
573
513
504
645
638
630
600
540
738
506
603
664
552
551
578
680
395
662
676
681
604
647
640
538
606
557
567
684
646
606
649
563
582
717
657
500
639
653
654
679
738
663
632
654
640
542
640
634
671
560
647
638
523
660
673
633
648
572
642
653
654
717
637
561
536
587
514
585
537
569
510
653
657
627
669
683
655
548
524
641
662
616
510
682
669
625
530
679
618
618
602
664
668
620
676
611
553
632
628
551
671
506
666
601
583
644
731
566
683
677
341
573
644
601
544
515
652
684
675
634
526
622
591
503
639
643
614
710
565
585
657
669
612
587
715
631
506
595
513
601
551
525
515
660
561
654
620
619
504
523
524
511
516
663
641
553
633
652
532
660
637
680
607
596
516
550
545
607
732
510
520
650
527
676
541
645
677
554
640
600
623
526
590
635
651
644
739
647
579
539
681
533
556
614
536
655
638
659
606
615
563
582
712
564
648
739
622
618
577
684
583
665
565
551
658
647
648
563
558
518
550
548
605
529
619
520
685
627
534
685
508
614
546
594
620
636
731
594
581
638
551
621
547
587
596
676
535
570
664
501
667
571
514
528
678
586
577
660
739
544
626
642
717
535
341
592
667
557
649
565
677
532
528
516
686
505
610
555
738
557
650
534
549
531
686
552
659
560
505
649
612
501
505
502
675
607
549
675
530
567
570
537
619
533
568
685
554
612
576
600
533
716
716
522
712
636
500
576
540
586
586
593
515
504
686
583
643
568
573
546
710
711
508
532
585
591
296
543
538
558
527
615
545
569
607
506
548
651
546
528
530
637
506
432
513
585
543
529
680
626
677
745
525
669
567
628
595
561
683
653
613
547
507
532
673
598
505
598
541
625
518
516
717
592
564
618
530
710
639
504
561
522
537
531
591
560
613
556
531
731
680
573
651
522
543
521
710
500
508
432
592
582
549
557
602
642
507
655
617
624
619
512
592
567
635
626
577
582
623
518
623
682
630
666
668
627
539
575
566
589
603
662
603
526
621
604
641
571
525
601
616
543
521
659
540
686
593
534
557
575
511
610
567
537
682
507
531
659
521
572
683
519
569
341
553
547
594
552
623
639
590
534
541
569
624
711
521
612
541
574
502
624
395
674
630
637
519
552
549
514
542
587
619
716
620
616
588
572
564
575
524
537
533
603
625
636
546
501
548
674
621
663
522
525
574
665
585
600
590
589
634
675
571
710
600
610
556
513
731
555
553
577
508
515
672
636
615
576
732
570
591
538
581
617
602
625
571
632
572
681
519
678
581
606
646
554
650
641
745
33
103
48
235
51
76
19
3
234
239
17
116
47
22
426
14
20
115
43
57
90
238
85
54
40
19
83
95
66
33
77
83
111
17
119
5
70
57
107
28
108
0
48
2
118
70
67
56
65
23
426
97
239
32
39
27
62
34
73
50
121
79
105
115
9
59
26
91
80
80
109
84
71
79
31
241
87
80
0
21
36
96
49
73
30
7
69
6
73
55
55
66
93
239
77
33
83
88
45
98
1
99
15
4
25
25
35
16
235
51
52
239
23
26
115
62
81
236
116
53
19
40
117
87
7
49
241
28
79
3
67
62
22
96
92
54
47
23
59
46
50
96
237
8
18
38
82
237
116
105
91
30
91
71
30
80
8
1
58
51
109
115
45
86
69
42
87
47
238
110
51
43
88
55
93
8
68
109
102
236
221
41
27
44
78
70
234
40
63
248
1
101
69
90
124
46
76
426
121
28
103
7
42
106
24
89
110
69
92
123
92
7
2
25
68
124
36
105
35
3
56
28
75
52
74
113
104
38
112
39
85
9
36
79
248
41
58
95
97
25
64
240
89
46
45
43
221
119
426
53
21
44
241
117
39
116
122
8
106
60
119
10
11
94
426
57
58
62
62
248
95
16
112
71
43
121
84
121
103
2
71
78
118
44
16
18
64
5
85
81
113
100
47
53
30
20
15
111
236
52
67
3
113
44
20
4
2
238
14
106
16
124
35
110
77
101
45
32
48
107
67
93
33
85
53
92
88
0
108
88
82
112
82
81
29
110
107
29
104
72
111
59
31
99
86
98
84
55
65
124
32
118
50
104
90
72
81
31
39
117
10
102
15
13
118
64
54
116
240
123
35
98
71
235
238
11
237
91
122
38
76
4
13
72
75
99
36
83
90
49
14
72
236
40
58
65
76
101
94
95
34
26
119
21
17
68
102
56
14
29
102
74
73
21
57
100
100
89
13
1
50
18
24
74
113
235
11
10
86
51
5
89
75
1
23
17
6
97
111
34
63
123
41
86
745
0
52
13
115
97
25
42
64
58
4
83
240
99
75
15
9
107
27
98
60
77
82
234
70
122
15
19
94
11
6
56
87
85
29
5
123
9
105
49
45
101
65
93
32
72
10
31
54
38
103
108
60
22
109
66
60
240
248
122
68
42
56
67
99
75
117
237
6
78
241
27
20
241
66
745
80
59
104
26
6
234
108
94
24
106
48
78
41
46
74
84
22
96
82
112
24
63
697
691
687
695
695
687
687
696
693
692
694
700
693
688
688
693
700
692
701
701
687
689
695
691
687
701
689
694
696
691
696
698
696
692
690
697
694
690
688
691
692
690
700
690
697
694
693
695
700
689
688
697
689
692
690
697
701
688
698
