814
458
218
141
159
14
657
997
164
402
75
553
183
74
60
206
900
170
317
81
146
657
814
60
984
623
623
159
83
215
60
150
288
577
979
149
77
458
7
402
218
60
117
929
277
75
84
75
929
218
377
218
458
288
58
227
879
22
277
143
177
891
131
667
132
652
865
183
146
168
170
134
534
40
269
962
186
227
982
181
181
152
577
162
604
514
181
227
227
814
761
171
171
111
150
172
247
714
464
216
68
206
428
456
900
12
203
278
203
428
203
203
203
203
296
514
835
203
761
186
43
205
678
11
101
678
139
112
127
196
40
814
267
77
431
589
553
40
389
50
50
133
58
865
924
344
344
604
157
40
72
227
227
603
165
675
428
149
938
212
962
184
576
837
57
247
247
41
58
289
139
678
7
335
7
352
848
179
247
160
762
132
58
3
208
179
412
249
638
235
147
11
94
113
172
179
193
589
120
187
215
325
482
924
497
962
553
172
553
151
354
146
602
32
77
188
58
732
271
623
126
174
602
269
602
170
130
112
191
130
165
781
158
143
288
128
861
75
215
201
431
689
929
77
431
239
576
168
366
649
879
245
46
281
86
848
362
879
589
222
836
186
222
848
900
122
186
168
170
150
150
150
825
948
206
3
58
165
19
589
612
589
12
60
186
186
393
48
61
166
373
953
800
890
188
578
953
690
953
277
953
351
192
603
953
182
641
354
182
272
354
127
160
433
208
185
208
628
879
167
102
155
289
358
167
135
167
153
392
189
354
139
435
294
733
366
182
366
170
146
50
303
303
171
60
166
170
215
160
210
339
149
149
166
166
800
12
146
40
247
158
823
158
165
412
806
814
151
602
131
149
50
659
152
167
567
879
954
139
201
368
21
344
733
408
167
201
77
167
368
167
135
848
82
667
77
166
14
60
11
11
901
40
11
431
800
929
929
500
962
619
205
150
150
149
183
84
149
137
126
145
136
43
136
513
32
135
132
483
132
132
932
216
134
160
216
215
938
820
215
306
275
216
206
514
206
206
206
205
216
216
216
130
19
34
275
172
170
186
7
83
214
339
154
134
134
134
134
160
215
982
217
217
810
217
217
217
217
210
83
210
172
83
398
458
160
60
160
159
84
483
458
252
470
341
158
158
152
129
162
214
26
137
114
130
139
275
657
0
172
900
17
218
387
900
75
153
153
153
153
153
153
841
154
162
158
162
109
540
161
959
579
814
465
479
198
497
50
714
242
58
354
164
148
354
138
138
138
290
112
151
151
162
143
143
6
979
143
143
193
193
146
962
182
962
657
50
228
247
275
534
12
553
351
84
275
900
67
403
351
714
168
155
334
534
191
147
776
534
73
154
403
191
199
696
107
152
210
135
135
929
147
188
152
180
180
59
59
997
321
733
245
171
171
841
188
146
131
141
245
147
336
147
953
165
165
800
61
101
70
945
917
354
135
135
917
89
671
436
131
141
612
107
182
107
324
67
698
107
141
107
274
329
199
48
228
793
228
962
228
228
169
89
113
192
209
286
178
209
603
209
143
905
209
209
178
111
238
178
267
823
267
164
275
602
997
671
275
181
181
181
178
181
733
866
851
334
618
402
211
272
0
326
229
220
366
793
36
56
138
138
138
138
199
164
122
841
191
85
106
87
793
387
979
917
431
602
40
89
578
568
481
987
191
191
229
191
38
411
282
38
38
176
641
41
14
120
117
94
481
290
127
127
39
127
14
339
245
489
154
912
94
733
230
280
94
69
78
229
229
563
128
358
57
997
229
229
228
192
660
9
819
74
826
299
511
657
74
53
23
192
73
229
755
41
236
168
452
17
282
363
118
242
59
592
171
592
686
238
238
228
176
823
711
36
52
52
52
52
841
667
962
819
169
856
242
87
192
979
688
53
53
572
848
614
387
698
53
324
41
289
286
387
204
134
56
9
464
431
245
289
53
82
53
159
229
289
48
53
105
132
56
408
953
497
458
725
369
146
59
904
0
243
723
52
5
201
698
54
210
553
288
51
127
184
490
127
127
655
608
102
762
46
102
140
807
370
140
848
288
117
6
431
885
813
182
204
208
235
526
344
83
183
111
784
175
199
438
389
48
524
917
917
169
137
213
184
199
565
29
69
475
645
344
930
967
967
387
967
351
192
282
54
499
48
334
54
479
303
479
688
195
879
927
351
955
371
54
371
212
625
880
344
366
324
557
977
591
837
408
190
282
577
956
221
379
255
303
81
337
278
299
158
17
954
954
954
417
961
172
12
590
479
131
810
108
102
412
0
364
12
112
341
132
479
607
32
385
116
988
366
676
479
331
464
607
189
479
189
385
189
188
195
188
922
885
125
288
183
211
42
924
653
483
417
159
698
102
858
118
675
997
373
176
483
927
644
328
885
42
56
346
94
112
148
112
375
526
979
312
526
757
175
159
408
901
385
725
26
779
31
195
194
196
195
197
195
195
196
980
196
199
184
396
279
876
120
381
31
31
686
452
82
576
101
101
101
56
302
19
119
644
762
334
492
33
43
759
33
494
673
898
883
33
33
49
26
186
885
188
491
131
89
955
67
464
23
391
329
64
100
72
9
341
793
341
140
108
576
56
778
466
690
864
378
65
624
819
269
106
144
325
325
325
325
325
671
140
999
885
778
917
630
378
378
107
269
93
93
93
93
93
70
572
210
93
59
92
675
478
79
208
470
390
47
894
470
470
491
391
464
69
184
334
52
14
52
500
9
947
10
534
876
151
534
141
31
799
31
31
31
667
867
353
17
128
2
157
265
162
241
104
130
47
492
918
47
109
870
47
100
41
47
140
34
47
140
47
144
689
277
233
148
689
151
617
68
335
810
412
527
233
233
12
33
37
838
1
1
151
402
32
204
385
335
848
476
732
365
762
408
986
978
105
880
373
373
2
7
7
636
7
701
178
37
37
37
37
37
37
367
99
99
95
81
48
74
99
267
74
823
104
603
128
105
159
10
213
3
159
14
14
898
424
334
334
366
85
72
72
184
38
162
72
464
256
69
572
784
342
572
72
66
67
74
3
490
490
44
44
44
330
44
44
44
44
626
368
0
954
374
973
930
825
577
930
141
484
9
353
68
79
9
497
36
373
69
324
644
259
947
56
8
604
243
644
546
131
177
725
6
318
341
103
267
105
978
556
483
117
335
117
109
400
15
15
15
725
6
17
148
400
184
491
819
95
470
41
144
739
41
67
267
79
274
102
272
34
718
122
122
108
122
122
122
8
76
327
278
3
955
497
535
618
576
23
103
103
103
337
103
782
336
277
93
286
336
982
144
213
272
272
813
5
851
851
261
19
557
43
318
43
123
23
11
11
120
929
393
68
494
431
329
373
274
274
400
274
88
274
23
623
644
144
283
261
264
327
999
82
3
3
22
577
243
927
336
321
432
88
393
623
6
16
578
890
236
236
25
361
32
870
351
955
68
89
894
823
976
894
213
24
166
166
128
861
86
86
88
85
578
80
578
898
34
109
930
68
393
10
10
133
324
168
705
62
2
88
882
360
519
69
69
117
246
246
190
82
392
644
253
145
253
22
322
410
927
400
278
260
782
278
612
612
364
175
204
612
952
612
612
83
98
61
19
328
130
296
283
23
22
442
478
22
22
22
328
106
999
33
411
234
591
17
19
794
332
88
88
253
81
21
913
21
21
328
823
982
175
19
16
243
16
106
403
16
974
956
109
666
82
15
121
417
358
213
799
109
20
211
329
329
942
460
781
210
424
301
108
441
116
164
657
261
198
198
753
641
890
968
129
336
336
873
860
46
264
15
265
15
65
317
65
15
65
346
934
931
10
335
155
469
236
256
192
381
350
121
220
346
346
33
165
110
322
546
100
443
104
114
189
61
121
121
121
653
982
141
121
121
34
57
477
955
49
57
318
178
848
178
95
95
95
443
427
220
130
409
220
622
959
76
588
236
86
86
86
546
0
898
265
120
86
113
784
30
762
24
24
273
211
81
81
644
331
402
63
63
63
618
63
63
63
63
85
861
85
85
105
809
781
64
913
114
383
87
114
235
235
116
114
274
114
116
114
905
76
115
34
346
657
529
62
30
669
312
476
184
94
30
443
781
290
26
72
72
902
30
26
286
362
929
208
30
272
154
271
630
678
87
675
689
87
65
363
10
920
87
440
57
65
30
180
39
927
133
51
791
791
578
18
133
825
397
476
773
876
198
87
239
636
71
597
24
239
385
238
397
238
238
240
240
240
240
240
240
51
241
454
443
241
234
241
76
241
241
238
817
207
241
968
240
235
239
467
416
673
327
368
388
51
102
454
454
454
268
195
20
390
362
99
676
645
406
324
678
331
393
259
363
689
369
988
341
204
469
231
332
230
230
230
230
230
870
231
743
221
230
198
89
231
362
362
690
27
100
265
27
264
927
100
81
116
932
317
876
618
317
677
100
382
898
325
145
784
667
983
689
50
75
782
377
443
123
123
959
841
4
4
4
323
708
4
4
4
841
4
880
235
831
476
25
402
16
424
74
979
140
30
264
264
51
384
396
608
337
265
318
979
112
443
880
289
182
89
231
332
231
986
76
895
110
133
76
863
148
708
89
332
332
332
332
345
345
345
370
370
272
118
358
61
8
57
175
66
746
123
434
784
342
331
331
795
820
767
866
119
360
379
417
226
268
348
360
339
156
326
16
334
39
156
256
280
231
198
231
936
139
255
978
16
438
207
20
365
92
139
319
319
641
809
255
198
353
353
164
353
820
164
269
938
410
434
78
636
951
894
698
243
320
419
51
115
255
689
255
826
770
207
390
466
396
2
2
2
523
523
314
73
698
986
528
528
528
527
698
528
529
528
529
648
529
907
155
205
677
110
392
278
303
337
337
148
337
299
244
299
299
996
438
782
553
273
273
273
273
374
256
207
207
260
336
0
190
201
465
370
798
891
25
25
636
367
175
381
20
825
18
286
397
328
223
276
119
860
476
835
341
64
276
778
676
78
673
277
636
222
340
340
951
340
340
340
667
271
333
17
280
137
189
189
212
901
61
74
180
617
297
346
574
517
329
297
329
330
330
6
286
268
890
931
39
340
340
804
918
327
218
224
224
596
221
224
219
914
389
224
224
224
221
225
225
381
225
223
225
123
225
818
220
223
225
269
218
224
225
220
513
242
106
324
528
543
591
8
145
328
25
328
359
604
222
267
468
118
118
626
617
202
202
642
202
202
318
161
345
161
951
466
387
322
441
344
169
394
913
13
111
733
303
308
881
294
244
881
568
201
197
201
196
473
294
200
197
200
197
197
966
201
755
197
200
197
194
441
676
320
384
252
317
824
338
174
379
441
652
690
88
799
310
309
918
62
62
327
799
342
261
25
34
826
826
645
705
368
329
636
892
268
343
268
269
343
343
343
343
73
343
705
273
951
944
70
154
968
560
194
255
155
675
618
767
823
252
62
339
767
493
753
912
427
323
767
338
281
200
524
923
226
312
339
321
220
368
268
767
366
688
316
316
316
316
168
644
316
316
316
316
400
23
439
987
51
388
25
782
243
205
891
755
460
781
527
928
460
527
388
428
331
388
128
145
8
836
211
335
826
255
795
370
281
98
77
66
331
207
355
207
466
931
851
873
282
411
701
996
290
514
961
791
174
639
753
786
2
380
678
356
873
194
543
837
34
469
786
369
369
369
369
361
59
987
314
314
913
314
527
641
1
1
1
872
1
381
163
632
600
361
381
489
837
243
361
361
13
388
388
396
319
279
352
321
92
321
321
321
856
0
299
299
242
279
279
279
266
266
377
767
327
286
397
279
180
279
651
651
651
502
639
639
888
338
560
824
308
389
952
300
952
337
323
155
438
392
800
438
343
62
62
125
361
872
128
846
846
996
846
261
180
267
32
370
370
392
409
506
276
296
394
199
534
818
265
187
312
894
70
478
133
403
133
133
320
716
320
292
643
350
362
244
948
258
341
417
106
179
179
388
179
221
200
179
786
364
361
253
646
296
296
271
296
485
296
455
71
106
223
597
106
223
222
389
222
417
222
279
97
317
820
382
352
356
817
685
564
967
226
685
85
271
219
676
434
308
898
308
308
578
281
455
417
198
253
253
598
465
300
20
300
265
311
99
992
300
300
300
338
350
287
455
175
204
398
204
204
283
374
281
314
314
314
918
428
974
317
410
767
432
881
995
397
795
474
474
474
455
116
854
407
543
283
850
18
373
356
558
799
242
301
301
276
543
940
252
409
130
618
124
45
983
595
118
338
465
801
437
959
484
387
387
104
879
932
291
104
410
443
964
932
460
214
825
99
921
45
338
639
278
812
174
156
423
42
297
641
493
488
903
308
365
648
251
424
251
251
251
283
283
890
250
339
968
852
80
385
263
350
441
163
300
297
291
335
737
291
291
396
260
617
690
447
441
156
688
753
447
915
724
36
805
753
815
260
260
355
260
260
360
276
242
356
963
100
253
699
43
104
96
988
347
399
398
40
584
966
346
409
851
352
955
208
356
193
493
323
955
66
263
66
66
66
393
311
311
526
838
376
942
360
288
461
732
360
499
298
298
301
301
116
477
263
263
263
263
263
986
345
345
345
110
84
318
978
791
264
375
751
271
945
415
418
416
310
418
414
433
391
214
524
290
101
547
547
861
350
350
350
435
395
430
428
115
370
38
38
993
901
590
306
483
478
482
481
326
491
290
490
483
486
477
498
499
847
291
566
289
284
284
284
284
284
284
284
223
653
433
355
355
541
200
566
566
423
55
75
790
355
369
176
466
411
882
423
118
798
778
208
156
798
308
678
65
353
413
584
339
768
903
313
485
965
932
313
354
352
250
312
435
526
355
307
398
80
352
792
352
250
144
250
250
144
309
250
250
835
342
697
144
543
696
930
413
460
214
330
726
200
119
118
305
986
110
174
409
667
891
903
259
115
625
903
380
317
154
318
320
474
313
113
787
957
430
42
901
800
648
259
519
957
96
912
957
593
996
957
311
974
660
302
302
302
511
790
794
406
794
251
625
430
115
743
377
991
778
375
966
869
715
737
470
498
156
617
258
110
258
258
463
258
258
697
258
113
306
306
306
214
433
355
302
302
494
305
491
648
489
488
907
495
174
382
422
362
411
306
309
310
365
268
294
624
892
892
154
500
405
910
934
881
699
877
309
760
494
646
812
928
494
582
405
838
405
365
928
981
251
298
430
425
983
624
430
778
252
987
753
851
738
942
942
251
866
119
986
529
648
489
491
699
349
174
492
863
491
306
435
427
676
420
420
468
420
42
161
42
38
966
409
959
969
676
176
163
440
905
298
176
444
414
469
857
323
373
410
692
444
905
992
469
425
499
909
469
469
419
667
487
430
599
433
983
959
323
194
472
486
609
128
761
761
959
701
836
126
488
419
413
463
175
753
414
844
382
312
212
753
568
391
625
42
137
685
412
412
152
664
412
71
855
385
422
406
416
416
447
992
499
96
436
80
669
436
414
406
732
496
496
844
433
952
409
406
161
287
947
419
488
703
865
932
246
420
173
432
379
757
79
697
835
425
171
413
732
108
415
880
434
994
867
290
950
73
434
947
659
94
973
519
634
645
311
311
982
931
976
92
429
419
368
472
596
309
152
80
129
408
180
993
415
991
418
419
376
91
418
416
418
420
415
415
193
193
468
468
468
298
468
468
413
742
211
211
211
281
415
959
375
287
887
740
627
125
391
649
307
169
847
498
725
310
392
298
385
259
476
476
416
516
743
584
468
322
630
418
302
872
414
416
418
415
432
439
103
96
406
768
119
96
672
424
928
471
471
55
124
499
440
176
309
506
407
838
871
599
685
474
747
646
908
477
908
348
432
312
645
425
912
298
163
600
163
751
541
475
475
905
998
634
460
305
435
463
472
77
323
187
413
453
472
202
472
472
427
882
428
427
384
420
420
465
809
427
878
427
493
493
460
482
484
669
472
414
480
394
432
482
9
993
474
513
445
307
356
897
746
424
223
937
398
942
604
440
440
474
113
895
433
92
473
488
73
73
129
912
844
844
708
278
384
384
384
384
441
400
39
640
486
636
925
280
717
449
786
301
460
490
61
506
110
435
966
435
913
836
649
103
425
425
425
371
883
883
399
399
294
115
294
462
983
378
378
378
214
952
378
624
467
26
436
845
399
399
161
887
866
498
492
498
888
669
406
788
887
822
447
952
490
920
836
584
645
454
466
752
465
305
980
997
837
973
475
57
589
662
953
61
883
605
987
403
283
733
935
768
931
436
287
434
563
266
28
887
142
495
948
125
833
105
624
807
968
486
403
108
891
968
187
591
829
510
374
374
738
738
738
961
961
169
489
320
486
486
486
455
757
459
486
927
491
987
653
375
819
902
493
838
277
701
461
887
771
205
382
382
443
543
445
497
496
463
453
105
467
888
27
398
410
436
453
453
453
453
453
577
880
462
462
543
281
288
287
935
984
461
435
938
71
245
729
305
490
312
249
487
624
587
838
445
5
391
475
264
617
675
209
467
446
520
922
544
669
482
458
461
939
991
461
609
461
461
623
623
619
136
136
119
935
473
935
935
439
408
463
463
887
455
948
866
892
500
617
645
926
989
645
99
733
903
386
177
984
421
421
864
870
421
421
421
421
421
587
978
43
457
291
395
471
838
758
939
635
738
276
564
320
301
445
265
811
402
434
463
484
71
624
899
899
899
899
898
913
951
624
776
495
495
495
391
955
790
377
405
511
790
173
790
984
619
55
445
812
878
544
454
598
958
804
124
495
455
893
414
477
995
939
686
924
271
910
391
910
163
544
445
496
496
496
444
496
484
445
891
411
556
697
809
448
791
915
498
701
448
997
587
457
829
405
649
980
394
983
910
949
379
947
912
576
444
501
903
270
446
444
444
600
444
446
276
413
921
526
750
169
396
475
845
226
495
91
190
110
454
446
430
446
926
124
349
142
786
142
142
142
142
142
749
434
80
617
778
448
448
573
448
448
842
448
347
795
587
881
589
996
999
930
996
552
73
625
124
498
791
563
234
525
853
457
880
763
544
481
985
349
104
867
523
911
866
727
995
104
777
457
330
145
858
622
488
437
786
842
795
439
439
566
439
439
488
234
401
697
939
980
467
902
467
778
438
911
948
777
371
942
124
124
459
459
459
792
459
459
459
396
57
714
111
714
652
187
347
763
353
277
411
292
84
303
619
310
125
280
973
482
482
787
600
985
738
922
902
777
877
904
918
635
952
379
489
836
706
924
836
487
869
456
788
571
571
750
716
750
398
309
634
187
911
816
816
816
816
926
911
811
811
911
809
375
487
436
901
901
395
633
487
489
487
891
578
876
148
326
96
948
703
893
814
902
902
872
816
323
462
400
936
865
934
934
564
662
564
995
995
995
209
330
544
946
351
946
946
342
342
575
478
800
236
878
713
292
405
584
234
860
847
939
816
967
967
440
440
254
27
760
422
356
441
768
875
970
39
55
986
768
993
511
912
367
656
123
923
737
884
920
933
885
878
754
859
745
309
173
20
893
564
790
788
494
64
876
670
173
886
984
512
885
887
564
926
173
928
609
911
989
280
858
513
173
18
173
173
560
27
508
64
507
758
646
662
462
874
942
358
646
877
276
71
514
457
554
305
871
311
992
457
123
937
768
94
403
462
330
998
944
915
743
55
998
847
55
640
625
478
481
307
895
492
892
638
916
916
405
593
883
125
883
92
922
205
889
750
259
305
799
610
586
492
259
988
897
259
20
972
972
888
601
889
889
910
889
889
910
768
457
847
964
587
708
239
326
985
462
985
886
881
244
397
858
787
866
984
246
916
916
830
807
467
497
429
760
945
464
785
470
993
779
945
481
64
479
493
944
993
64
365
639
945
280
843
464
466
386
754
996
622
429
993
737
754
754
282
895
601
755
756
842
402
51
383
877
884
830
839
383
729
851
432
893
922
916
24
572
751
756
515
596
24
24
581
582
585
586
592
101
943
586
585
592
582
679
582
590
590
590
540
583
592
535
422
580
674
837
662
914
914
422
631
946
970
985
646
219
998
270
84
295
475
994
664
78
120
922
922
873
920
857
995
912
145
487
797
529
799
857
313
163
699
765
760
148
635
54
54
494
18
815
393
858
737
697
656
756
830
588
939
662
933
926
137
890
934
78
447
447
940
28
771
580
597
517
703
739
950
870
931
913
943
914
699
386
853
347
729
729
976
932
639
991
45
985
992
360
917
758
310
310
829
810
994
954
579
954
736
992
992
862
638
78
407
419
5
55
671
985
876
437
422
587
358
889
836
924
515
731
998
245
998
889
925
925
925
574
442
574
996
770
581
292
946
946
946
946
555
757
913
980
347
918
944
977
973
569
569
868
868
815
856
917
97
977
871
977
575
970
977
977
977
866
70
902
868
595
970
437
256
970
970
442
974
846
10
861
525
756
940
27
973
756
646
886
756
886
64
886
886
865
886
129
801
509
642
109
635
55
736
319
386
188
437
477
244
379
883
773
747
79
761
878
261
456
736
519
736
777
777
941
864
359
777
202
864
944
746
715
322
940
940
940
970
936
784
423
423
423
195
621
621
853
621
621
621
621
621
423
217
446
446
780
822
921
928
921
921
969
516
900
942
717
21
21
21
740
960
981
389
422
871
349
991
70
835
286
855
788
976
177
976
976
909
909
867
875
867
593
908
619
908
226
956
956
968
246
111
742
868
868
390
28
923
788
394
371
291
825
923
26
795
895
79
943
371
254
961
672
944
371
799
766
766
766
574
480
647
819
924
754
960
882
319
348
896
664
190
190
950
978
765
622
908
896
896
951
919
943
642
763
978
627
606
447
980
906
943
907
907
907
907
907
699
651
651
797
971
770
971
640
347
659
896
965
760
684
234
549
963
554
935
812
774
582
935
936
884
672
581
226
542
542
599
939
939
761
919
636
751
871
380
635
806
673
971
673
256
295
515
504
921
897
951
575
594
908
701
711
554
763
196
400
606
233
821
865
407
856
981
529
202
32
92
246
896
790
976
877
845
756
878
399
399
971
971
759
971
984
773
556
810
869
945
212
924
249
945
944
884
737
884
884
113
213
76
147
593
759
593
950
950
950
234
234
890
896
921
965
966
999
926
947
937
890
997
903
670
905
875
858
904
853
943
367
958
896
843
28
780
28
634
895
895
973
969
717
926
600
736
724
531
652
626
957
915
926
717
364
364
364
187
91
811
971
958
91
634
884
593
934
940
888
793
374
548
793
845
856
39
919
919
145
724
728
835
888
888
747
899
899
904
898
899
438
631
677
597
379
843
91
775
931
871
375
601
792
981
872
595
904
631
29
765
783
254
780
780
97
54
428
858
966
952
859
628
806
513
597
966
628
987
965
960
965
582
904
904
376
554
39
744
937
859
960
771
771
843
867
979
542
770
937
937
579
869
809
313
1
607
607
525
960
582
705
798
735
598
798
965
958
773
897
870
395
227
700
832
187
569
606
36
871
987
844
833
972
407
972
843
750
576
290
950
840
596
647
595
897
442
622
365
919
737
737
45
509
489
780
244
525
525
825
813
816
837
599
958
958
967
422
765
765
723
465
933
828
236
235
573
573
703
531
212
860
449
126
508
776
126
685
947
787
859
386
853
481
927
700
307
70
70
656
82
878
999
244
377
859
662
909
266
763
256
944
545
13
333
386
855
465
79
575
449
687
246
46
478
390
684
919
812
860
196
506
964
845
539
801
771
771
295
8
326
554
696
923
923
923
8
525
771
92
395
395
395
844
313
804
613
894
785
359
897
626
6
785
688
855
794
785
785
785
871
785
998
843
910
750
983
282
680
800
844
770
983
846
916
691
692
906
919
437
759
742
863
653
863
721
819
120
506
788
590
503
637
897
822
870
196
869
829
938
202
879
29
881
700
969
779
520
520
744
685
520
744
974
717
949
546
546
517
831
712
867
333
46
770
949
783
766
36
770
763
741
270
572
531
531
367
991
28
774
129
854
29
874
831
750
873
610
71
757
826
843
744
963
744
758
775
156
863
27
567
572
27
136
757
804
806
45
869
643
473
598
598
473
473
473
212
717
779
779
933
572
565
394
397
893
108
754
999
811
789
190
484
765
774
774
760
751
403
471
760
718
558
798
715
759
938
938
751
868
115
943
812
943
747
969
872
862
874
730
599
609
724
789
862
682
853
690
690
700
36
656
806
806
925
652
925
965
537
537
984
868
502
949
806
692
634
544
544
925
627
862
97
606
762
817
756
754
537
969
822
584
700
703
429
380
949
949
535
535
789
642
97
449
789
559
764
764
764
764
386
724
764
386
791
695
29
766
766
752
509
394
789
789
789
906
394
830
108
859
817
808
349
937
478
585
779
579
615
752
686
686
686
807
811
810
810
821
794
864
803
755
338
588
780
736
766
503
183
605
183
793
183
972
727
782
782
782
783
449
690
808
728
747
313
857
961
677
788
728
622
563
839
333
646
908
949
597
376
307
726
673
161
686
755
763
155
774
774
774
960
777
607
607
575
500
819
500
864
535
535
97
545
757
865
803
540
359
802
828
294
731
59
948
705
850
705
803
803
449
803
449
78
803
751
755
958
958
137
485
137
680
933
854
831
808
759
637
882
610
805
805
988
854
742
864
716
509
643
802
906
719
906
410
794
794
456
831
18
776
762
781
541
485
576
728
989
574
720
600
333
333
558
254
671
786
749
972
746
68
728
410
796
796
796
630
796
796
796
679
796
751
839
724
287
485
597
810
847
803
596
739
936
936
974
691
613
656
671
45
630
575
882
882
882
266
480
860
752
752
377
327
852
564
194
573
797
804
815
815
595
815
815
815
392
720
252
981
524
642
594
261
801
656
801
801
797
643
957
642
542
974
798
539
846
964
390
551
551
376
991
512
637
755
551
551
551
383
598
367
573
573
136
244
503
874
820
212
233
256
824
824
761
594
221
779
221
759
480
273
599
401
804
840
5
185
869
840
622
877
633
805
961
610
610
512
705
830
505
610
787
507
911
703
752
508
873
775
877
831
539
877
809
696
392
964
604
860
824
367
522
857
773
964
670
813
813
556
830
527
530
527
528
527
530
530
530
530
530
530
859
556
611
556
246
380
746
390
233
818
818
818
818
512
830
558
424
742
502
685
219
485
376
485
600
79
708
84
808
989
787
326
78
565
322
593
593
873
702
702
703
702
627
558
558
845
841
847
615
759
674
249
845
811
826
824
364
787
960
792
601
525
724
808
376
513
45
635
18
802
802
820
802
594
781
802
802
845
549
565
565
565
565
374
157
157
157
157
157
723
762
348
828
828
417
854
854
854
513
36
728
832
633
964
67
684
716
363
618
46
46
136
46
808
808
716
666
875
648
914
655
606
654
654
611
834
573
516
834
775
595
859
595
567
551
740
758
731
635
655
740
177
748
585
535
681
508
319
679
832
817
505
812
821
696
840
696
839
817
831
832
832
601
863
832
840
539
574
574
383
367
775
424
172
471
820
813
818
674
596
480
839
13
20
666
666
666
839
839
658
757
840
780
874
746
249
894
249
554
556
821
740
863
821
821
821
307
840
715
875
875
875
254
708
605
605
573
305
817
833
982
838
547
547
747
581
581
581
605
723
567
920
295
687
295
855
822
822
825
602
383
5
567
614
480
706
567
525
270
270
579
620
694
605
601
659
659
915
67
672
916
930
915
915
773
545
292
640
672
637
429
575
872
872
663
548
609
609
928
833
351
684
776
506
627
546
249
295
742
91
631
655
319
752
319
515
628
634
512
545
541
297
832
611
136
559
742
147
98
610
605
566
637
994
852
627
322
270
512
512
719
643
637
647
654
920
541
611
517
773
856
788
540
608
696
522
522
604
522
652
511
560
561
536
520
526
111
520
704
510
557
603
653
538
713
795
509
502
654
526
719
517
551
515
716
518
518
518
857
429
643
978
541
643
562
562
914
680
709
712
80
680
401
29
680
591
797
429
492
5
653
680
98
254
920
292
692
342
969
252
169
252
98
933
865
98
713
629
702
711
18
383
712
988
833
524
665
994
549
994
161
981
649
651
501
981
906
640
568
568
614
568
67
484
647
994
596
683
934
640
640
592
587
456
583
585
692
407
775
632
583
542
592
561
580
504
504
583
647
647
989
989
989
287
739
596
542
536
522
716
254
541
504
501
585
562
562
517
805
805
805
747
842
658
456
647
407
675
510
510
126
510
863
543
517
510
397
982
938
649
623
560
560
909
909
560
560
651
547
758
555
632
333
502
502
504
504
504
249
502
650
809
91
936
764
672
648
812
501
663
842
501
712
347
516
550
492
673
804
855
745
726
442
676
702
604
442
442
520
219
718
510
909
829
681
295
522
709
557
557
522
710
654
501
594
661
740
49
401
829
650
650
650
650
650
650
862
862
477
714
852
726
829
508
980
852
515
569
852
583
632
363
546
503
542
649
598
874
862
507
507
521
539
941
555
514
514
637
626
588
514
568
586
555
129
716
555
555
842
555
620
401
270
557
401
692
741
554
619
714
383
363
632
665
635
508
727
536
509
665
49
775
764
557
523
874
521
359
795
99
389
801
629
29
620
684
567
429
620
614
625
842
129
660
936
731
677
731
731
614
614
632
726
601
618
540
688
933
948
563
125
588
614
13
834
761
892
611
559
559
559
559
748
743
539
675
561
559
665
524
558
544
775
608
607
608
608
608
254
615
615
719
533
615
615
659
615
587
664
664
297
297
549
628
363
292
707
117
588
111
603
603
292
633
663
663
663
549
620
748
641
739
630
743
711
663
711
347
834
359
606
608
553
566
665
665
665
549
663
13
49
660
659
661
697
563
697
689
699
713
905
620
501
932
609
32
660
632
776
437
669
669
941
233
49
727
638
658
193
13
625
683
380
599
401
620
834
661
807
906
661
658
519
213
28
531
561
563
561
561
561
226
694
717
661
714
695
688
666
662
531
853
359
660
226
342
749
738
628
619
765
656
661
661
471
918
577
177
692
549
892
13
684
658
658
408
653
678
521
629
666
629
684
669
658
629
516
730
941
855
941
683
683
735
683
683
456
569
401
71
348
348
348
711
804
974
691
691
691
691
630
382
660
98
5
380
548
95
95
49
719
710
701
701
583
999
583
784
683
947
349
594
861
680
681
185
861
708
219
681
972
833
688
712
266
266
710
729
710
710
710
380
580
538
661
177
709
628
725
638
725
850
586
725
437
536
682
480
654
652
652
710
185
638
696
156
711
672
580
682
682
682
611
682
682
639
828
671
219
563
509
452
452
513
707
956
956
633
633
633
471
452
452
672
851
539
776
679
515
349
548
376
537
729
97
694
846
509
732
626
626
569
569
746
727
580
721
594
900
537
729
745
642
538
538
718
538
80
723
508
550
852
705
724
749
709
709
749
677
893
968
893
692
906
500
499
452
662
611
681
783
855
792
126
792
748
664
792
120
185
703
524
485
881
698
963
706
706
706
718
718
702
718
194
550
850
732
627
633
731
758
517
704
704
704
704
704
704
963
914
920
963
185
185
655
523
536
536
536
857
670
670
29
707
719
691
719
681
941
691
545
545
706
706
963
723
723
957
538
538
928
519
749
540
540
629
702
655
687
687
687
687
687
749
707
707
732
730
850
721
471
511
511
393
507
507
730
707
707
631
631
988
629
828
941
730
833
726
833
566
519
783
850
521
655
744
562
822
744
941
783
721
721
721
654
677
219
715
537
322
715
715
748
730
824
545
779
545
518
518
518
727
822
834
834
797
713
735
713
713
709
807
748
606
741
743
552
874
914
503
807
579
591
591
584
591
588
579
586
674
580
589
590
807
720
581
586
694
694
694
537
326
828
507
721
631
505
505
730
503
695
695
503
695
910
720
739
720
720
720
505
505
505
562
552
381
726
657
670
712
611
712
835
735
892
727
856
740
664
681
638
550
534
735
638
891
533
358
533
533
533
358
533
533
748
126
552
745
670
736
670
736
735
735
523
550
550
741
613
550
741
860
739
850
709
695
239
239
741
741
613
679
547
547
96
613
679
500
674
797
521
521
699
523
521
548
674
674
562
613
613
585
700
531
694
700
695
516
516
548
548
745
745
745
956
783
679
747
552
552
552
523
58
48
170
247
83
83
813
107
390
641
261
174
905
506
529
728
