236
714
673
497
705
718
594
72
310
366
488
76
180
414
188
420
90
382
651
495
412
109
591
671
224
397
688
194
493
342
638
584
374
379
366
62
96
624
470
667
336
14
226
478
390
332
539
318
540
563
774
691
346
432
104
682
429
492
431
55
335
278
309
19
244
694
362
27
249
410
749
603
410
512
177
655
410
105
693
328
190
730
564
749
395
367
292
238
233
753
737
489
200
344
734
384
365
135
614
104
467
730
663
306
650
118
671
683
400
646
597
503
504
251
557
557
492
661
315
269
57
280
623
660
674
388
717
623
689
653
51
661
445
10
703
770
366
274
603
57
566
656
320
236
116
655
295
177
15
636
543
686
46
178
559
29
38
630
651
356
274
187
541
131
602
336
6
755
176
298
680
645
437
439
219
91
613
375
373
130
665
661
427
30
401
755
604
365
741
702
350
721
581
415
654
623
100
77
308
140
740
692
558
348
214
547
33
452
714
54
635
606
451
41
262
591
626
444
773
241
711
441
560
589
155
19
611
96
291
310
318
554
699
286
284
42
599
162
428
170
698
398
637
49
248
48
248
574
44
527
667
158
5
530
276
650
492
312
205
224
298
659
267
490
629
235
286
729
151
65
470
762
352
132
196
428
485
439
114
52
390
261
724
48
28
404
725
645
433
163
50
253
209
705
429
252
180
610
360
288
633
552
455
722
123
39
597
679
523
132
88
302
548
549
219
172
99
12
444
97
551
551
277
540
132
525
509
229
763
322
54
632
769
63
253
706
382
321
367
255
185
596
315
348
264
471
45
213
633
752
48
320
531
168
642
79
636
452
708
502
295
82
486
140
503
473
161
762
480
450
288
32
519
184
253
499
13
160
494
160
517
274
324
720
505
277
369
345
639
589
524
508
247
296
312
310
481
229
102
313
684
173
2
485
736
707
404
400
97
577
500
71
704
92
10
591
193
223
318
768
32
636
215
284
515
466
476
532
282
127
367
498
682
402
474
760
252
765
200
663
299
532
602
51
583
606
375
440
435
230
7
70
605
743
2
116
36
83
337
91
564
498
636
0
409
370
674
79
658
436
614
349
725
333
773
259
113
594
493
346
111
771
96
172
558
678
105
436
386
686
645
73
570
678
427
479
679
383
455
291
147
728
105
447
8
423
42
675
430
345
259
671
588
725
152
49
285
147
192
391
228
91
401
318
284
697
279
121
260
78
158
615
599
101
111
37
446
434
391
747
289
47
53
162
189
406
746
397
703
406
363
319
674
712
36
760
681
564
104
439
709
474
518
31
540
58
703
699
76
256
169
188
307
300
623
496
456
506
243
248
457
488
185
686
708
635
657
458
680
223
428
619
23
317
696
744
204
63
649
477
743
165
30
361
743
747
711
581
113
338
774
325
247
234
44
194
556
49
551
561
593
595
463
426
144
8
204
214
307
260
201
190
127
254
496
355
204
225
55
22
223
741
102
240
297
170
497
298
7
402
433
332
241
370
22
172
350
141
262
55
212
559
319
741
721
357
256
86
701
82
170
336
685
753
484
82
208
142
80
74
62
631
65
211
234
30
238
72
567
584
452
631
243
218
24
347
527
449
458
235
691
691
451
105
112
227
751
401
634
99
346
75
466
154
115
719
384
315
649
243
725
58
139
58
345
149
308
117
339
181
636
585
406
465
683
358
376
758
206
611
183
255
15
351
422
480
118
441
278
433
102
347
239
300
598
659
35
454
225
150
233
24
720
350
333
203
453
683
403
441
541
727
212
274
513
108
285
691
554
703
202
279
358
454
495
702
682
214
510
490
421
149
38
530
411
550
557
154
679
209
64
669
707
142
10
21
320
673
379
411
308
362
686
733
131
749
278
97
220
568
547
106
278
498
582
69
727
733
268
321
345
379
21
20
362
210
569
475
129
477
742
637
482
774
633
508
429
725
151
606
171
374
736
507
284
375
272
658
752
222
533
423
268
700
98
140
764
427
609
311
644
294
727
12
625
244
723
316
246
643
624
67
773
220
181
134
275
414
211
51
767
240
382
8
692
696
83
421
755
79
227
327
172
535
476
587
392
103
99
538
392
54
629
643
489
347
305
293
544
420
93
232
270
81
187
34
167
396
280
311
515
503
484
535
62
257
666
175
539
485
598
609
599
202
260
101
24
293
257
63
392
80
735
261
72
668
56
417
177
450
771
452
702
211
461
513
159
25
256
591
704
283
622
617
54
480
275
214
512
707
292
503
207
514
526
226
206
539
539
537
166
481
538
465
464
10
459
121
461
249
443
369
345
294
206
766
614
634
654
355
586
131
108
25
454
753
439
68
280
334
308
103
168
468
12
617
661
761
728
667
537
650
301
431
377
178
518
260
634
79
647
575
39
61
148
323
759
281
136
335
392
75
358
297
696
393
453
85
356
370
290
430
289
286
178
108
78
313
56
23
695
140
766
689
60
530
572
55
336
670
530
462
125
113
201
4
365
541
357
470
476
654
207
636
363
693
508
132
182
709
467
572
590
84
68
124
536
616
630
517
644
289
265
544
629
299
590
11
1
264
219
517
158
491
628
456
317
660
266
456
121
168
200
769
457
667
512
49
161
174
156
512
676
403
658
712
210
367
258
1
596
731
36
121
726
26
169
263
440
343
474
226
449
161
417
761
442
394
389
166
433
480
374
372
632
424
542
129
569
86
640
550
283
116
124
67
549
321
321
352
570
366
672
336
86
518
180
62
241
717
372
680
135
448
70
321
611
151
640
210
762
107
208
581
764
359
678
621
154
528
58
559
383
618
43
77
53
45
558
129
652
767
570
258
741
450
707
497
103
105
653
139
671
348
556
275
443
622
649
322
571
576
171
537
31
498
486
371
313
312
727
387
480
59
248
20
99
64
348
196
251
267
463
269
496
125
93
168
304
461
291
754
422
109
746
383
3
273
747
461
638
320
56
742
695
611
276
360
264
559
307
79
756
327
733
155
715
651
250
287
190
715
443
144
276
12
716
405
669
214
504
18
391
627
476
3
369
770
755
324
716
216
33
409
143
313
494
674
700
603
179
305
58
315
439
266
640
714
710
604
399
309
402
326
46
624
534
648
207
603
543
160
402
133
323
571
447
3
542
766
239
282
363
632
100
642
123
600
206
514
127
128
270
330
554
531
706
284
742
555
378
648
533
706
625
342
483
626
314
69
496
633
182
523
287
389
702
306
301
374
217
758
748
521
249
146
718
464
420
522
178
47
768
19
606
516
662
8
65
5
392
157
189
30
551
399
265
469
308
516
7
672
208
750
274
485
46
20
167
767
377
529
469
72
45
740
462
283
224
30
456
483
715
501
501
415
223
507
305
185
81
441
235
264
52
597
765
722
215
574
222
388
598
362
555
314
152
459
658
166
517
572
250
764
335
285
153
759
143
459
562
317
615
381
13
617
128
441
660
252
151
744
630
338
479
310
233
204
242
165
262
27
129
620
67
246
17
460
254
437
661
55
460
407
573
360
752
3
59
6
423
624
152
179
161
502
340
442
179
761
503
218
119
259
18
683
165
507
88
42
276
764
281
16
644
34
186
220
652
34
149
273
262
338
445
199
54
364
10
81
737
43
180
280
286
754
86
40
114
647
467
306
468
471
754
651
414
146
338
506
506
416
422
231
125
69
715
511
308
18
285
359
141
767
593
657
98
630
284
603
84
74
384
299
226
754
738
388
239
5
203
416
524
143
210
533
771
657
171
180
664
289
649
328
759
638
30
142
762
114
672
606
378
109
681
689
357
334
417
281
263
83
11
526
763
443
755
538
194
608
271
28
437
580
239
327
6
186
23
580
375
426
587
292
195
118
212
417
621
632
656
576
1
558
153
69
52
404
145
742
710
774
619
310
241
750
1
398
535
365
8
687
129
307
538
458
151
95
6
536
141
467
293
252
166
505
396
624
771
249
335
222
309
598
27
314
187
508
345
283
169
607
95
413
71
507
157
393
253
762
527
200
395
581
345
173
443
220
729
547
119
260
668
234
212
464
85
403
405
749
576
575
103
451
520
697
229
439
514
150
701
291
475
486
733
759
338
134
466
520
465
78
394
157
581
7
130
293
427
756
277
210
291
17
40
70
197
21
70
8
421
156
77
670
578
612
500
499
419
263
209
511
572
699
578
85
350
367
354
347
272
571
757
365
751
243
220
35
242
153
724
705
197
690
512
536
197
420
200
674
222
527
147
643
122
605
188
17
299
707
327
141
202
60
473
398
28
151
228
270
473
208
579
513
213
192
504
51
16
307
269
359
348
511
657
590
339
181
242
149
655
121
346
526
171
616
669
586
203
426
432
528
718
25
510
93
75
371
686
188
653
396
133
726
316
589
156
119
579
145
647
521
762
633
632
205
4
11
495
4
2
157
190
408
281
441
378
771
771
536
266
715
299
147
305
355
240
53
281
772
436
355
89
271
411
611
437
528
123
339
246
134
259
193
581
245
435
157
138
406
482
73
467
509
663
16
550
207
92
538
710
110
674
720
670
590
643
608
772
579
270
594
257
342
532
395
453
501
83
333
166
479
16
77
739
36
41
175
89
379
48
623
354
641
24
11
389
372
293
637
189
666
218
19
337
1
88
524
236
662
177
666
377
310
241
569
713
22
200
586
432
555
592
584
601
553
546
262
311
344
546
225
126
289
231
302
766
735
619
267
52
218
560
772
90
665
710
583
722
686
490
645
490
577
303
331
56
28
511
646
728
571
229
478
356
479
708
271
378
483
266
155
342
480
446
563
705
266
468
203
373
764
528
106
562
614
549
107
303
356
419
732
553
664
545
5
773
279
600
192
195
542
108
163
316
713
216
465
580
162
425
675
38
258
83
435
188
540
422
94
197
164
622
43
415
251
280
135
660
543
33
499
198
186
276
692
619
126
211
668
705
545
505
129
635
371
621
449
169
198
358
76
331
482
195
225
95
509
698
159
152
362
159
579
763
485
199
463
391
432
434
421
267
692
0
208
682
271
245
619
145
599
608
408
314
287
417
351
490
41
107
720
478
162
475
162
463
92
742
372
89
742
233
58
379
50
711
231
187
333
653
341
187
667
438
137
219
769
386
650
370
769
323
474
493
153
589
305
458
704
224
505
284
56
673
444
31
478
509
621
618
481
250
44
254
459
635
668
550
155
767
545
602
170
421
27
47
565
141
666
147
316
520
340
531
189
53
712
489
302
28
389
364
28
683
301
35
72
131
230
415
349
743
346
282
648
736
385
118
97
583
149
263
22
221
147
337
264
697
114
396
115
549
112
548
146
631
645
612
108
534
713
84
245
484
207
380
527
87
706
736
424
453
296
36
593
79
123
212
736
112
671
766
578
686
497
735
280
476
361
738
656
223
302
521
473
669
376
365
42
188
110
110
282
504
576
763
544
544
13
91
330
643
428
180
584
44
218
426
109
485
65
393
560
141
613
492
745
680
44
313
66
124
209
229
527
588
615
723
614
390
208
213
568
682
120
607
698
632
600
507
655
91
139
770
176
128
634
423
546
216
604
559
394
725
569
272
721
423
640
40
622
204
512
268
219
64
86
343
738
484
650
383
426
768
489
350
311
403
774
395
424
639
224
678
409
750
712
183
586
349
245
553
295
88
164
45
261
119
44
716
760
15
7
96
354
669
327
225
306
598
429
744
552
119
436
303
445
415
140
703
693
228
566
118
584
693
722
410
625
106
155
744
735
588
514
677
12
353
101
515
138
769
265
331
434
637
458
78
387
261
697
613
704
22
683
721
391
565
255
26
258
639
719
450
487
610
14
407
20
175
37
232
456
385
429
768
184
304
596
412
556
297
326
680
592
449
154
495
224
144
301
322
722
684
17
238
88
737
128
227
582
273
710
393
555
764
479
597
743
183
142
389
69
521
416
388
416
6
376
564
610
360
601
745
268
48
24
394
621
323
23
434
217
63
380
571
371
23
76
452
449
63
117
275
543
192
656
726
256
650
64
164
748
364
66
212
521
633
570
329
346
244
228
246
144
142
526
696
99
578
212
318
20
761
420
412
643
690
628
42
164
646
450
286
321
364
468
653
282
64
138
608
244
566
751
575
701
304
574
432
748
623
541
64
250
460
488
757
575
72
162
431
648
100
294
425
353
466
130
440
39
472
394
580
172
20
183
653
115
178
328
692
684
431
120
193
109
559
9
601
602
351
410
467
425
594
727
122
83
143
600
607
41
739
150
136
2
554
243
687
258
590
517
568
407
65
195
279
513
259
106
11
237
69
87
645
70
300
562
300
62
562
40
33
60
160
142
762
763
197
185
189
179
123
697
487
71
750
214
315
761
321
673
304
419
422
3
631
327
133
329
127
296
431
760
659
544
396
250
678
627
301
88
620
562
736
600
60
721
712
409
740
312
75
482
0
362
530
502
521
277
447
314
279
52
543
436
498
5
51
324
761
66
678
386
347
505
124
768
514
574
121
502
567
652
695
604
541
41
687
687
433
719
37
376
758
419
547
142
594
309
61
509
491
597
25
756
600
210
534
248
373
240
6
572
337
534
654
368
558
392
385
171
3
272
344
172
114
400
652
648
651
136
172
273
335
454
423
746
71
567
635
606
552
57
617
347
118
357
377
672
296
398
68
1
336
50
16
428
445
298
269
411
623
657
255
517
232
33
578
583
12
454
297
583
4
579
717
519
476
605
508
572
492
434
351
514
757
128
231
694
596
609
109
164
90
595
244
353
744
690
11
620
247
213
181
454
73
232
763
738
620
378
701
510
529
506
607
356
476
18
92
386
606
462
257
330
614
508
263
637
78
255
663
618
451
467
753
186
13
44
276
67
760
226
34
331
278
81
288
698
719
597
288
565
728
252
313
357
281
383
124
265
251
612
91
732
555
533
682
612
368
616
399
343
266
74
18
522
531
221
525
561
700
38
709
621
136
125
273
158
327
232
545
234
575
132
397
203
552
534
731
369
193
505
96
558
765
53
595
401
590
167
585
332
644
77
339
387
349
723
690
765
669
553
85
647
65
148
261
637
353
401
75
265
389
488
258
149
31
773
402
592
343
390
479
761
769
721
448
582
253
316
46
663
599
18
381
157
756
464
599
313
227
703
318
137
668
92
450
605
145
90
391
233
547
317
490
60
329
35
104
707
257
628
35
302
377
586
581
5
599
395
55
184
319
568
740
246
666
702
108
171
408
76
68
714
661
326
473
258
732
745
418
585
462
523
404
523
247
152
290
400
320
709
579
360
474
740
254
641
575
405
332
2
358
137
10
287
475
64
579
380
303
215
73
197
564
38
555
57
501
222
493
90
309
209
679
353
205
729
735
754
115
451
679
59
525
196
701
367
560
750
246
601
470
530
93
324
460
462
462
443
641
206
486
553
343
319
194
97
295
14
188
19
528
587
437
99
571
379
413
658
588
526
107
352
71
376
26
86
82
388
209
282
589
446
698
738
47
135
497
413
366
66
244
473
364
406
516
236
554
700
351
438
164
390
453
288
243
104
278
389
233
418
137
47
75
100
290
593
223
125
196
264
16
170
323
77
158
21
375
238
37
24
570
447
387
472
291
419
226
139
753
747
193
597
553
382
33
9
234
726
88
74
210
757
294
472
563
580
89
19
380
94
9
201
5
26
565
58
752
31
477
127
475
341
558
510
569
516
602
562
536
293
241
584
380
285
102
15
609
196
533
361
183
309
213
62
772
285
361
325
729
758
504
331
126
748
546
197
724
504
94
232
351
753
728
332
442
732
231
329
525
577
106
163
183
444
438
102
411
0
515
680
627
126
97
715
238
244
453
472
397
626
338
337
237
503
168
676
731
368
518
518
643
549
472
639
165
85
548
366
646
261
677
418
644
708
59
677
194
4
255
745
298
134
6
774
641
713
471
689
583
23
681
624
487
124
565
747
54
459
175
676
151
75
730
279
447
646
27
146
588
274
698
751
185
201
12
757
27
236
422
81
697
319
527
175
675
311
359
522
169
122
746
269
638
736
426
738
20
149
622
116
174
595
114
729
598
669
714
445
552
53
524
7
206
664
310
273
480
607
768
587
340
639
201
37
209
448
185
475
456
287
128
186
695
94
143
445
106
340
61
231
361
110
648
167
344
217
613
515
348
42
208
161
90
169
687
575
354
424
626
485
507
39
271
557
523
61
369
163
419
349
519
576
728
286
179
179
574
36
359
573
311
716
126
622
84
734
32
82
120
2
410
500
93
481
216
583
552
430
355
691
413
656
440
702
739
328
517
94
548
207
380
650
685
602
205
499
267
619
540
624
127
176
74
723
502
457
722
518
190
463
647
138
694
708
253
687
324
290
118
83
729
404
596
515
632
228
225
506
566
456
287
600
431
553
378
657
440
368
297
288
334
38
77
251
384
390
287
200
488
45
739
529
603
315
491
605
512
424
296
718
73
699
263
341
184
404
675
467
511
167
773
582
649
582
43
245
128
203
644
530
592
353
739
646
332
231
168
192
198
352
405
81
670
361
364
328
556
334
251
452
493
555
192
587
684
587
513
585
31
393
120
202
325
39
122
628
334
764
455
474
399
221
176
358
98
85
350
249
770
459
67
98
96
435
676
300
307
120
295
535
381
676
677
670
625
364
272
366
707
186
195
616
772
430
15
71
609
311
484
160
744
395
639
421
487
730
95
153
48
373
554
664
444
449
751
357
546
61
367
765
238
340
107
169
219
429
271
316
534
491
698
660
230
663
320
92
452
356
322
535
436
419
591
487
469
316
248
339
535
227
515
539
466
325
236
107
372
415
534
131
626
199
135
558
135
140
331
725
432
500
123
567
737
87
299
69
737
533
412
341
70
422
751
481
618
35
576
174
322
513
441
405
440
617
260
694
554
295
165
308
731
49
29
0
242
538
576
771
524
175
125
97
428
400
237
132
479
84
570
247
218
730
627
758
666
45
536
315
242
203
113
184
466
470
585
109
506
82
471
595
234
604
331
758
615
17
654
373
277
399
456
196
401
400
61
148
395
755
573
47
519
110
14
655
333
749
695
683
204
705
580
221
629
560
570
123
252
719
651
612
136
46
60
59
135
746
470
53
215
635
501
657
732
569
276
724
179
516
605
697
406
27
139
611
436
230
161
271
10
639
472
95
304
45
119
529
387
710
681
382
382
320
102
732
562
176
631
464
660
747
491
528
685
677
547
323
190
393
544
297
585
34
446
215
414
370
472
417
537
444
710
578
646
56
483
384
61
694
662
672
65
693
98
565
397
348
361
488
50
19
584
447
435
550
471
471
668
595
326
711
610
365
344
425
408
334
71
146
204
267
560
396
72
543
268
222
13
750
613
52
609
421
442
282
680
486
338
378
587
129
557
0
700
116
723
494
174
202
119
22
532
335
630
629
353
274
437
665
294
343
564
468
194
117
176
754
54
381
641
32
573
239
247
256
131
748
644
544
259
299
106
148
230
298
591
39
548
634
328
90
593
155
566
153
386
760
341
415
101
216
700
733
559
218
729
174
134
455
418
735
613
292
219
615
166
385
60
496
505
300
341
152
46
336
254
499
766
206
607
688
671
220
215
133
272
604
642
491
116
481
449
566
477
556
671
603
269
80
455
176
690
692
626
500
346
723
9
117
589
117
363
514
397
337
662
508
416
560
573
661
4
724
34
260
112
480
292
567
103
192
521
701
758
80
92
217
49
721
117
478
664
174
199
577
727
190
658
217
134
202
685
306
426
405
29
608
32
304
574
542
182
195
57
563
403
152
513
270
211
325
438
668
21
104
551
693
70
550
259
184
408
580
733
80
414
709
397
417
642
140
440
507
56
87
368
596
443
509
95
139
102
526
78
548
685
9
457
164
398
293
89
660
252
537
266
633
748
538
638
398
712
674
17
139
370
0
115
638
251
270
491
720
546
42
227
482
76
99
770
407
604
613
383
194
340
221
454
224
547
543
82
631
256
267
582
181
718
198
159
89
620
47
55
542
314
113
63
463
733
756
591
205
254
474
168
618
57
699
215
770
510
303
541
731
144
318
626
741
649
684
211
319
637
374
137
240
654
667
487
461
153
689
678
483
498
268
464
627
713
302
354
270
275
319
84
719
95
189
676
37
425
248
642
594
86
699
694
717
279
130
31
39
450
549
496
659
25
52
156
340
59
122
745
374
356
26
369
712
201
159
93
250
739
612
765
564
675
690
681
93
207
592
506
743
199
659
150
469
66
138
524
527
68
359
165
607
295
37
74
277
611
682
294
371
689
371
696
1
148
182
105
50
235
233
377
602
759
552
601
521
478
290
737
413
379
78
193
469
108
303
688
688
103
85
330
330
445
239
427
662
642
263
670
290
673
404
14
68
334
237
651
158
26
523
156
403
403
182
307
66
80
409
656
767
398
35
750
181
500
89
745
170
381
126
492
703
677
737
357
290
145
592
532
29
648
578
145
148
383
4
645
522
344
601
341
502
18
415
182
296
567
477
653
724
264
275
249
542
237
525
525
198
294
741
143
408
43
640
520
510
414
291
709
451
699
662
32
7
522
24
458
337
374
136
265
157
196
160
708
380
734
182
193
615
283
384
390
177
280
237
663
545
742
87
666
25
652
455
230
672
443
524
749
49
616
711
216
759
205
402
694
405
67
116
326
434
500
681
46
706
718
605
434
681
101
372
63
531
394
385
285
418
630
354
740
239
199
67
744
249
23
457
170
704
679
445
330
734
159
323
772
173
26
257
163
241
330
685
306
14
688
73
652
529
273
112
51
520
283
381
376
562
458
717
568
363
306
529
497
38
371
187
150
497
506
702
289
519
630
642
608
238
156
146
158
246
312
460
333
494
362
103
354
667
111
465
563
133
495
537
619
213
484
543
326
418
113
47
15
585
255
329
138
486
352
391
369
752
73
461
312
488
178
696
696
433
112
738
79
582
618
536
272
349
688
622
688
36
728
112
111
388
342
477
718
610
460
131
411
629
177
317
50
96
428
399
375
235
482
81
74
66
167
234
407
664
115
402
138
406
150
98
489
522
483
409
317
232
495
107
672
30
201
665
261
441
156
117
468
470
235
368
57
726
495
292
154
438
767
460
573
120
573
590
87
242
223
577
432
85
425
163
262
401
216
399
769
555
387
372
376
509
752
705
689
447
122
629
15
332
429
326
567
726
628
175
565
185
529
640
9
732
160
529
549
647
516
659
538
342
222
110
684
423
748
275
101
609
386
183
430
610
565
221
500
615
217
2
532
746
745
385
333
217
704
685
614
230
489
730
715
329
727
143
483
240
277
531
347
127
701
751
714
48
547
673
469
377
704
628
749
303
716
561
747
545
161
430
265
489
11
719
339
723
198
734
471
373
167
649
687
618
33
198
640
722
540
757
154
98
32
720
110
80
735
141
445
423
144
245
756
675
43
679
691
220
0
171
465
301
556
187
675
211
625
435
228
655
569
636
535
360
235
578
421
302
373
768
493
202
526
665
457
752
740
435
638
165
464
568
124
343
760
268
616
145
359
708
627
589
305
670
709
448
289
677
511
94
59
256
243
457
300
519
363
634
717
557
111
690
652
519
68
746
173
617
461
178
205
551
592
448
242
734
494
13
269
713
87
22
568
237
484
221
84
463
130
412
664
625
214
608
342
104
432
586
122
25
505
713
616
448
288
438
370
533
641
654
499
711
539
706
111
41
355
711
14
62
561
396
647
716
627
292
301
150
76
520
496
763
574
324
189
146
322
517
628
352
561
774
595
247
730
322
111
503
133
257
350
137
440
420
431
355
695
50
625
381
43
325
665
28
593
486
731
561
407
734
620
229
726
166
159
281
759
40
673
41
51
634
148
21
757
100
136
387
415
741
471
588
635
469
413
412
501
400
40
571
424
328
411
731
430
487
8
309
360
130
617
226
455
312
693
100
478
