285
285
8
157
280
197
285
1
403
491
402
460
240
451
460
22
252
332
200
240
655
114
661
173
555
661
518
104
518
398
661
108
660
172
172
172
554
158
582
172
158
215
134
490
36
236
397
146
397
36
466
214
674
397
397
715
700
715
715
724
451
423
253
608
710
134
73
487
694
260
73
448
73
311
459
174
165
549
307
165
201
165
54
8
621
165
134
71
506
486
135
343
532
71
183
135
135
687
261
184
440
675
89
79
483
328
710
67
261
493
701
77
327
147
600
551
493
247
302
39
145
367
233
465
394
233
554
475
449
504
71
71
572
496
706
222
496
690
293
16
359
340
340
740
231
698
116
463
231
100
47
143
11
421
460
164
11
244
326
143
113
130
223
384
433
136
223
264
348
618
24
307
223
347
37
279
103
698
270
24
177
561
146
322
265
593
593
450
299
593
174
561
582
289
16
284
344
221
375
221
221
720
492
93
221
368
221
629
626
323
626
430
666
666
405
666
626
626
126
126
389
550
372
126
128
550
584
107
107
153
524
146
107
146
146
515
555
555
227
555
555
651
555
97
707
555
358
77
452
477
651
157
736
650
268
705
280
260
280
181
372
650
664
519
735
261
158
70
167
264
446
638
543
481
50
446
638
446
481
438
438
438
536
714
690
645
438
144
355
9
507
9
205
681
9
264
516
9
614
552
206
450
206
655
206
673
426
87
70
206
0
613
625
12
653
0
230
230
100
230
230
581
54
604
186
54
296
727
54
691
465
440
637
440
112
430
42
0
634
189
291
33
237
291
324
72
227
153
72
308
691
515
658
504
515
696
164
440
515
152
174
174
177
706
51
706
685
66
101
648
604
261
542
708
604
708
665
702
322
604
81
409
651
661
145
642
552
594
661
506
41
676
445
303
41
340
330
320
732
734
416
475
669
734
734
734
267
737
180
196
180
328
49
687
180
87
622
180
249
88
329
360
477
150
698
236
343
150
359
97
600
629
691
327
418
206
359
317
437
275
27
262
35
551
262
262
275
275
101
338
93
321
176
125
90
606
369
90
678
280
33
187
294
678
297
678
168
1
306
66
66
215
34
295
66
429
550
215
86
254
86
400
86
633
86
381
133
176
86
92
92
33
92
122
430
568
102
122
200
277
724
724
724
146
277
724
724
336
176
530
368
200
176
176
599
176
275
365
275
420
202
580
39
365
213
420
286
16
291
728
291
110
461
534
310
333
267
631
631
631
631
43
631
631
632
631
631
644
419
232
547
547
469
8
547
469
547
335
330
675
716
104
17
50
95
716
85
95
186
139
581
466
93
107
327
110
246
616
247
49
248
247
273
247
431
431
688
431
699
699
462
462
462
699
462
462
462
462
462
375
499
679
118
375
375
477
679
278
185
278
603
300
736
93
598
185
598
713
713
713
310
377
713
29
713
713
53
525
491
228
491
712
22
22
712
66
148
218
616
616
622
460
148
360
465
465
540
94
362
460
681
94
506
94
175
339
585
115
430
740
652
90
645
714
244
658
291
322
197
1
162
486
486
486
735
197
486
730
486
32
32
456
119
528
739
637
262
32
547
184
334
184
184
170
458
458
358
8
508
392
386
302
64
369
64
153
76
357
490
368
43
368
645
629
464
368
328
373
325
40
121
562
86
320
470
535
40
11
130
130
359
664
436
130
126
32
284
315
679
284
5
248
350
312
284
284
21
388
536
660
404
381
159
572
185
554
732
611
136
549
671
732
103
393
389
3
389
505
505
212
505
608
505
605
400
670
670
543
543
163
579
658
658
658
406
658
222
733
671
123
100
733
491
733
733
59
733
329
13
329
678
697
715
329
657
218
3
543
543
51
718
643
543
499
543
543
621
404
93
675
528
638
252
695
675
727
600
84
84
600
177
727
255
682
36
485
40
385
608
605
529
605
387
112
605
40
334
118
118
723
135
334
198
118
199
44
463
44
87
128
527
204
204
204
385
22
380
128
623
336
626
305
145
737
536
397
43
114
45
45
220
15
45
45
598
45
411
337
54
64
54
53
411
126
318
508
693
50
693
50
711
718
184
50
388
50
655
64
321
14
248
553
655
149
549
549
624
358
700
549
452
238
324
43
501
43
301
43
281
30
72
593
380
75
380
30
380
642
198
479
652
519
362
198
273
381
538
8
276
62
684
588
660
437
470
467
450
660
431
472
698
139
664
672
271
247
139
1
696
241
473
415
695
614
415
40
645
264
220
714
442
196
40
324
193
193
112
193
574
279
242
60
8
280
478
478
513
627
513
526
526
526
411
354
296
116
526
257
602
350
227
529
529
207
529
529
560
244
217
693
87
422
531
583
89
18
342
271
319
668
733
366
531
487
398
487
81
438
487
420
583
688
448
425
417
688
279
279
517
195
461
272
440
272
319
583
659
371
428
292
371
630
371
91
470
371
495
711
412
77
656
77
374
77
346
211
211
211
204
211
211
652
211
211
535
287
347
727
657
113
657
301
316
418
37
188
293
88
235
526
587
526
526
248
105
526
235
730
306
306
306
701
306
306
348
624
641
394
499
554
179
181
536
7
630
130
34
253
292
319
310
131
267
719
371
444
366
73
572
478
325
527
62
636
108
623
478
110
623
110
413
643
111
708
399
675
319
231
249
679
399
362
329
380
75
293
75
50
141
87
482
68
338
512
47
75
158
29
317
338
59
609
609
609
673
609
609
609
609
248
609
368
36
295
161
550
425
645
36
521
663
181
100
481
88
619
663
442
663
445
431
317
159
445
407
407
407
307
205
687
205
134
638
48
638
638
638
624
155
269
204
48
96
260
551
96
96
391
387
387
391
387
118
293
387
449
690
656
656
166
411
459
459
404
686
738
459
459
501
554
450
63
63
63
63
166
63
280
625
625
625
625
613
410
625
617
617
712
712
716
31
372
712
712
101
712
373
117
378
512
452
598
373
178
512
512
711
521
351
711
240
378
260
380
260
255
260
579
129
262
648
479
349
579
579
432
360
738
337
10
714
532
72
539
584
447
695
255
166
718
461
419
627
674
419
91
238
553
662
702
111
299
154
256
154
643
52
377
301
651
301
378
322
484
53
484
120
120
516
53
120
106
541
541
608
615
111
541
541
488
20
531
20
20
657
128
593
444
172
65
721
89
536
132
657
65
583
635
635
438
500
52
52
369
65
189
438
280
115
3
324
329
121
229
229
23
23
23
299
343
23
339
60
95
108
606
306
364
246
5
131
637
5
684
713
434
332
228
228
42
481
379
228
325
429
429
429
429
429
581
635
313
208
250
250
152
152
545
152
152
152
152
152
550
641
549
507
351
513
104
499
499
182
395
395
395
182
395
395
395
395
90
395
47
160
736
268
332
232
13
232
727
13
13
224
34
317
589
34
108
177
491
489
453
296
733
734
84
667
415
415
84
415
478
422
252
284
55
572
284
572
480
362
493
219
219
518
212
580
256
359
108
359
108
177
278
278
473
76
458
90
65
5
517
573
650
78
491
520
613
77
612
373
77
79
566
491
246
732
350
344
491
516
599
599
599
546
593
30
30
30
545
180
214
103
180
634
180
717
708
708
393
298
4
157
584
708
568
568
391
391
685
407
680
63
17
463
176
574
288
731
344
344
17
428
428
287
123
390
349
675
47
78
287
661
531
27
89
591
531
562
621
647
573
456
562
480
61
281
353
237
85
480
85
480
398
218
18
51
350
51
51
702
694
646
686
473
17
646
646
694
37
53
37
659
252
37
37
186
186
337
337
97
452
20
337
320
427
263
365
61
684
427
427
293
261
424
331
376
255
410
376
493
493
396
405
13
496
159
428
159
670
396
582
582
163
619
562
544
30
619
372
521
564
578
537
564
709
707
470
178
504
660
516
367
544
455
109
544
255
525
525
534
459
540
510
131
313
533
540
565
490
350
350
179
430
153
459
690
267
467
25
267
85
691
304
304
304
408
204
477
304
198
236
324
103
498
684
417
472
232
225
311
181
299
189
181
181
260
501
12
181
166
718
587
623
187
263
353
427
2
427
433
427
427
356
353
210
664
266
455
664
248
564
322
603
301
603
97
644
510
365
142
97
225
418
411
154
26
52
317
19
645
592
52
305
325
358
297
405
305
39
14
296
305
441
58
58
481
414
690
327
699
682
700
699
497
590
590
590
590
177
679
7
535
566
525
566
728
535
566
32
362
422
32
587
484
264
312
619
498
679
636
672
258
130
275
171
568
700
437
9
64
275
27
212
295
611
41
602
148
148
285
673
537
537
548
590
590
735
706
208
78
431
141
358
680
451
497
255
597
121
497
168
497
378
426
685
44
157
409
189
275
323
352
403
211
1
655
141
638
477
287
466
646
104
114
650
114
114
517
114
172
472
564
339
339
705
542
354
277
490
386
100
376
53
363
207
393
39
680
218
500
451
393
20
710
732
367
710
546
709
710
694
694
723
612
694
53
710
253
253
253
715
509
481
734
679
550
454
311
283
315
202
636
129
486
608
359
179
244
500
548
695
122
213
470
83
82
336
118
82
484
642
531
423
364
656
423
27
331
538
633
35
134
364
444
93
475
134
354
674
486
622
47
532
194
646
314
457
457
36
414
528
398
483
185
324
89
608
95
432
42
493
8
552
575
261
90
57
659
538
549
338
464
464
487
464
19
327
135
502
330
261
279
379
228
662
524
258
226
627
233
274
575
368
584
485
375
467
585
538
348
348
460
461
565
738
510
673
333
516
615
230
704
10
300
232
70
293
651
456
158
332
637
102
356
71
155
245
452
222
377
452
160
628
602
160
476
113
663
663
67
587
702
630
443
731
307
99
106
106
103
205
205
501
270
270
271
26
321
159
108
355
116
16
210
16
518
488
269
16
681
178
316
23
402
375
433
307
375
366
416
374
605
489
416
709
719
416
438
226
510
182
305
510
178
202
553
188
95
448
584
348
389
79
643
256
503
288
126
650
227
364
59
704
606
291
606
97
343
343
343
197
735
318
343
318
318
627
295
266
33
307
228
54
203
668
157
528
157
131
296
736
736
203
701
704
645
697
437
417
647
67
300
319
536
32
657
70
350
262
461
461
70
100
200
351
644
644
644
49
644
524
332
480
202
638
161
620
552
492
381
372
523
320
673
144
673
673
98
296
544
87
87
300
87
539
298
96
572
506
500
82
32
342
709
186
189
69
186
484
585
186
296
188
659
67
573
155
367
674
614
608
404
603
308
44
308
308
496
318
85
217
288
217
217
217
696
674
696
629
686
303
436
545
710
71
74
542
425
665
665
515
164
443
253
102
691
148
61
691
158
107
419
573
548
93
529
642
642
232
661
425
466
576
454
553
64
740
651
388
454
141
273
594
666
267
297
562
449
739
342
552
662
561
354
561
561
561
187
561
561
105
588
732
243
535
537
408
732
289
289
285
445
537
440
440
703
411
289
120
737
687
91
456
125
370
11
359
715
477
477
201
332
150
150
203
158
353
698
273
350
99
421
588
671
600
600
190
199
600
149
199
403
360
629
629
321
255
105
488
259
104
26
26
26
26
622
101
208
541
191
592
369
266
369
277
168
702
519
213
721
635
688
254
458
254
254
56
503
675
546
542
446
298
202
393
498
249
465
734
434
102
473
376
430
683
718
148
496
683
429
410
410
149
258
24
51
110
314
336
710
651
359
354
86
18
534
575
167
508
89
320
35
173
276
632
632
632
702
632
632
632
413
644
224
264
547
288
31
587
587
214
85
279
682
616
616
7
693
356
49
49
43
273
523
272
74
205
229
589
134
415
659
300
515
702
199
327
182
182
188
313
686
44
292
679
548
183
603
333
19
476
465
172
138
172
536
175
218
320
506
506
506
334
560
465
356
693
322
361
126
338
101
405
549
350
262
270
740
533
542
380
195
585
230
378
332
297
735
8
333
170
316
170
170
170
170
170
170
219
32
392
443
668
386
386
386
47
518
101
145
736
736
299
693
301
252
449
344
60
739
739
237
63
439
369
369
448
191
668
6
532
726
672
363
175
388
408
151
436
281
396
60
163
30
453
243
315
565
110
315
5
251
292
171
305
502
388
400
502
388
417
364
364
179
132
586
402
544
292
173
537
336
130
130
544
671
732
473
729
505
514
505
410
182
9
245
157
212
123
190
123
385
4
282
525
52
518
384
549
503
97
316
170
222
363
492
351
235
122
248
381
697
441
441
441
373
643
525
110
614
319
48
236
613
48
214
442
501
676
676
676
154
548
5
385
325
198
646
320
663
650
402
7
433
737
79
705
161
455
389
263
182
378
574
128
574
278
704
15
577
718
45
337
71
613
337
203
228
244
91
244
667
366
502
420
485
430
321
637
39
103
448
90
254
141
542
140
140
140
390
102
245
656
56
64
469
563
563
563
563
563
55
563
563
563
678
305
700
301
376
167
103
256
82
103
577
490
62
276
62
276
62
62
450
653
189
307
264
280
435
653
707
271
271
707
188
271
707
590
680
177
458
1
138
345
713
235
648
1
156
490
695
293
51
129
117
70
293
547
113
113
247
330
113
220
220
704
220
544
220
196
381
243
233
574
392
425
437
437
393
326
279
279
357
196
408
730
662
403
7
455
591
12
184
247
213
207
116
682
206
206
207
206
258
500
120
500
212
273
270
93
529
740
244
672
333
693
719
546
335
323
133
617
310
505
310
722
225
231
364
433
25
436
726
733
42
490
436
700
303
271
271
420
420
420
320
213
95
326
370
362
132
239
585
362
22
392
471
583
175
412
412
656
614
614
565
565
565
266
684
565
496
347
347
390
682
390
390
91
487
613
371
488
472
686
554
80
142
554
501
277
73
73
697
686
73
738
108
724
274
274
478
572
398
237
640
409
714
28
239
531
105
527
116
726
94
40
2
433
642
297
94
95
91
502
224
497
249
706
610
231
529
72
212
256
501
648
636
213
47
287
248
333
202
333
342
125
167
310
156
525
663
619
243
718
619
619
398
251
442
442
442
509
329
268
543
539
352
232
444
331
685
269
727
269
475
96
694
735
144
524
96
677
612
628
488
72
335
72
241
72
142
363
415
339
391
361
657
317
712
709
459
587
105
351
346
404
264
365
457
335
410
625
410
355
617
534
716
716
469
509
303
17
314
159
635
273
21
117
75
612
512
612
425
555
144
318
41
41
204
662
617
617
229
617
719
223
160
723
223
140
642
626
198
17
739
166
573
602
166
14
664
252
358
187
367
662
478
129
586
586
468
355
548
187
187
598
394
731
538
695
695
256
384
326
256
539
224
335
701
37
68
703
113
53
75
615
729
615
615
685
189
448
111
295
541
471
707
488
323
545
425
261
112
109
132
379
35
12
421
150
12
598
373
106
18
254
18
254
3
3
145
3
483
581
474
520
323
474
292
258
711
8
106
345
121
455
476
502
589
115
115
115
42
115
115
698
593
309
653
629
683
730
229
683
683
683
368
457
407
148
336
315
117
117
280
438
379
637
613
242
637
127
324
159
313
226
416
623
635
78
208
551
160
95
641
687
470
104
448
101
628
80
169
268
149
634
268
104
219
16
367
224
286
635
311
166
57
458
458
458
188
650
27
630
297
79
363
653
660
294
671
164
174
223
328
265
256
69
178
634
434
95
347
408
19
81
220
220
502
256
469
156
156
419
168
348
678
642
407
566
391
546
4
585
647
488
633
218
237
485
18
443
17
406
513
246
266
453
62
319
738
659
480
238
12
337
225
192
192
452
607
111
541
208
90
179
119
55
155
255
611
517
274
358
394
405
669
405
342
669
670
670
669
669
314
614
539
416
669
238
670
669
670
670
669
623
169
169
619
521
521
599
578
521
77
493
564
349
704
573
564
633
188
367
178
504
197
39
184
222
112
687
447
470
247
581
616
516
534
534
534
200
105
652
202
62
194
109
109
216
704
216
551
460
70
216
229
148
737
735
34
354
345
245
216
286
183
236
236
726
200
498
686
513
472
668
685
594
431
225
399
103
224
387
387
311
260
203
661
222
154
260
322
355
357
304
731
212
149
455
374
644
645
508
142
146
142
737
629
119
394
39
68
542
68
107
449
58
284
231
174
147
481
540
592
48
353
690
666
414
156
414
84
414
479
464
525
427
410
265
641
422
283
512
298
727
383
583
727
174
299
688
688
183
589
688
535
128
674
345
720
326
498
498
237
258
130
476
265
258
265
163
700
378
553
530
192
530
627
594
611
89
155
689
723
326
285
142
285
306
133
139
133
133
690
133
476
422
208
208
117
199
722
189
21
597
596
595
595
595
595
597
596
595
597
596
596
596
596
596
31
597
597
595
81
595
738
2
595
598
597
597
597
596
595
737
603
161
121
431
340
349
727
234
703
505
453
219
276
346
228
377
116
377
705
705
548
705
705
363
472
122
339
627
352
151
461
645
603
68
139
469
139
139
402
712
402
451
588
49
88
376
383
514
500
607
545
568
218
155
20
193
55
314
311
732
480
168
608
99
698
55
550
652
354
283
283
25
347
202
392
60
60
533
731
24
583
24
562
562
107
76
168
338
693
232
155
692
692
500
659
259
364
492
82
487
423
495
421
35
714
35
468
652
68
19
377
288
531
377
377
582
582
582
134
122
255
47
426
426
398
91
701
296
96
66
66
237
66
66
374
654
426
38
604
646
239
646
19
586
265
295
464
14
422
520
437
338
411
135
684
684
261
295
379
299
411
455
411
445
708
708
585
450
162
539
286
257
530
279
466
300
2
336
615
512
232
673
345
673
509
71
361
389
389
676
199
444
327
119
456
173
56
564
67
507
507
377
507
507
503
618
618
443
618
537
702
355
610
116
119
116
730
569
210
178
363
717
21
436
464
21
286
179
719
719
274
23
23
443
227
23
305
448
374
374
312
374
361
598
321
321
318
269
381
99
257
627
512
59
59
59
482
59
84
119
210
192
300
236
580
314
314
740
262
390
390
262
390
154
118
508
394
49
325
57
372
86
151
230
571
571
571
571
342
167
56
52
484
577
69
186
579
7
520
656
656
588
573
588
682
734
101
188
588
335
346
231
480
614
614
50
11
44
528
4
493
61
370
272
308
473
80
17
36
397
489
468
155
545
191
14
110
674
74
31
74
74
38
28
665
665
349
602
665
665
665
238
577
615
567
615
302
182
148
353
198
591
330
642
719
592
342
592
564
611
454
521
576
653
468
342
342
739
739
739
38
330
717
552
449
552
552
319
408
122
175
276
121
539
166
408
289
413
147
445
668
290
267
6
650
474
112
112
585
236
54
354
533
104
125
263
409
409
739
227
227
227
161
527
623
226
467
125
489
489
489
360
369
163
415
55
607
88
721
474
254
197
530
322
41
542
446
492
397
383
373
163
213
55
473
680
524
258
439
692
144
446
162
287
89
35
706
372
702
309
452
183
632
323
417
89
553
534
167
167
290
706
689
440
5
616
693
499
68
21
224
458
285
636
329
659
400
334
115
303
156
183
175
173
360
560
394
428
465
648
335
333
461
167
82
183
527
75
75
533
173
604
380
286
230
230
322
449
266
346
97
432
361
396
192
290
290
295
290
290
344
540
503
667
547
52
460
46
503
393
668
242
356
111
356
728
145
716
153
122
235
235
664
27
630
509
252
90
63
470
453
453
161
565
193
400
315
482
161
203
566
551
551
586
185
586
544
241
473
453
519
453
569
252
78
514
190
138
138
190
317
281
297
297
433
60
150
302
84
367
720
492
247
492
381
58
530
643
336
224
472
689
434
397
331
530
249
676
348
475
496
573
325
658
238
718
648
417
339
371
140
245
64
340
245
6
406
28
217
515
69
571
414
36
314
683
309
309
309
276
69
69
444
69
160
122
667
205
400
156
240
546
216
216
721
281
15
15
33
15
147
15
15
41
680
34
4
340
396
447
288
236
203
28
92
98
417
196
584
697
574
540
195
436
195
393
393
196
601
196
196
729
325
418
277
277
277
455
207
666
307
20
644
506
392
222
574
216
643
591
37
214
602
209
602
127
737
179
347
652
714
714
219
578
578
114
466
57
697
722
57
409
546
636
538
531
384
653
384
726
726
532
408
234
300
436
432
412
22
577
577
382
204
426
380
181
678
233
405
223
331
331
331
444
724
239
351
331
454
523
120
120
6
586
174
101
94
628
26
726
360
345
682
309
592
134
127
283
74
502
502
419
419
419
706
215
310
661
310
157
718
707
226
442
503
424
424
424
424
424
610
98
527
730
527
600
91
474
675
269
11
553
269
106
269
283
652
107
612
607
520
677
677
677
677
677
722
677
677
217
677
217
475
79
482
73
241
25
435
178
198
568
264
278
335
427
241
159
423
392
392
179
413
538
204
300
80
523
14
80
80
80
80
248
229
229
297
460
140
239
602
324
42
106
578
42
106
194
400
187
731
21
4
575
31
326
488
468
207
508
496
53
75
381
729
729
729
257
353
497
334
498
334
483
249
483
488
282
483
545
545
195
112
294
132
132
132
57
421
330
223
223
598
76
76
2
183
269
193
717
3
151
483
304
478
362
463
128
143
246
243
536
593
667
683
29
29
29
457
457
471
457
457
25
38
38
674
641
489
29
60
607
245
194
328
492
249
574
212
9
291
412
412
422
719
147
26
4
268
513
604
292
4
734
450
653
0
141
671
548
633
61
685
622
519
467
634
409
409
715
242
242
242
242
242
321
151
407
147
12
296
46
566
566
473
373
257
633
633
466
56
339
485
291
599
409
576
142
584
569
64
2
158
428
490
620
111
111
635
113
60
425
441
12
12
717
509
39
611
39
27
27
607
273
580
233
621
298
532
349
349
6
222
506
150
589
263
696
540
630
175
657
738
581
238
682
640
534
358
200
62
672
711
214
452
270
270
270
25
413
445
399
400
328
195
195
259
304
723
70
30
403
479
234
554
684
201
554
146
351
501
277
629
589
161
13
441
667
475
463
463
353
353
81
227
530
511
592
145
594
295
681
65
456
265
265
479
479
528
169
169
309
169
169
621
542
156
38
720
720
720
720
352
482
601
171
594
327
46
46
46
46
155
46
340
36
378
424
133
133
234
715
311
689
396
332
286
257
31
81
435
578
234
357
548
346
177
346
151
131
612
507
650
162
376
138
519
127
127
715
144
126
382
383
607
177
321
601
259
28
99
606
99
47
640
354
274
533
259
617
119
126
92
345
94
288
495
495
722
706
701
738
239
385
18
361
73
131
422
164
532
135
299
240
429
639
412
267
649
338
580
338
649
626
162
417
45
45
466
402
578
676
676
173
82
173
193
278
56
687
572
564
183
721
108
309
493
694
210
215
16
323
616
443
592
569
368
567
349
274
274
722
579
361
361
731
99
257
591
591
226
717
740
482
447
624
210
210
580
94
19
19
188
160
630
79
571
571
423
69
273
579
480
51
600
707
461
11
663
445
141
560
560
560
191
219
282
628
489
627
225
627
251
251
251
685
607
192
14
527
445
192
241
634
467
467
366
276
201
577
414
414
147
41
403
610
365
92
172
319
735
735
6
275
613
294
447
347
6
88
519
83
664
33
33
192
54
38
580
29
668
535
672
432
5
432
484
124
417
68
496
574
418
431
140
535
18
244
184
571
352
167
97
135
214
239
161
214
312
516
245
123
330
117
302
302
335
194
194
396
432
138
192
290
439
474
439
40
285
562
667
240
240
584
46
46
316
426
208
575
153
699
81
235
509
2
252
238
193
315
720
48
485
282
485
282
129
680
497
485
67
344
67
67
67
57
634
701
651
302
302
720
492
432
58
34
34
610
58
58
58
78
434
696
696
363
533
379
696
123
540
57
705
43
334
711
740
467
100
560
433
124
515
121
83
0
0
444
444
206
281
112
205
240
373
400
589
328
517
721
567
738
288
145
145
0
124
385
470
15
34
536
463
463
203
648
25
648
666
666
2
401
31
355
697
374
618
443
618
198
424
281
235
587
209
154
379
154
191
605
503
128
456
298
298
689
703
107
191
52
538
572
403
719
426
439
686
681
446
233
105
85
391
391
316
435
620
355
511
511
511
426
523
201
303
303
655
586
729
235
639
42
191
74
74
48
91
149
141
149
388
692
398
4
398
376
369
610
11
428
11
153
527
332
636
636
106
119
185
648
293
447
667
511
568
602
523
655
641
238
649
611
653
532
689
689
633
140
637
330
239
639
207
83
207
194
326
468
468
652
729
384
123
163
384
384
42
323
516
49
524
483
575
441
625
179
535
662
413
662
662
283
441
151
151
495
551
304
620
143
143
143
143
171
243
723
484
471
471
471
7
175
282
142
44
430
9
61
396
466
647
402
0
10
688
685
423
634
291
301
357
591
336
591
363
92
612
225
56
405
635
339
10
624
599
599
692
428
366
28
587
201
201
141
200
237
129
289
84
328
13
717
386
509
199
449
449
263
560
681
263
630
378
620
407
418
27
540
538
672
672
371
503
294
547
643
165
711
168
168
250
250
418
25
25
312
14
33
707
6
258
212
180
703
123
132
202
278
413
127
699
312
737
131
131
530
82
82
233
83
83
456
456
511
511
434
38
171
222
352
699
617
163
504
250
340
250
215
382
233
215
382
604
424
520
228
435
577
435
435
568
10
225
472
622
429
382
709
730
383
383
383
383
259
259
209
640
640
584
56
325
231
351
385
385
239
286
259
651
21
508
81
96
649
207
294
190
511
569
471
125
482
482
346
139
197
308
88
197
263
7
109
287
287
579
156
219
250
146
594
594
468
311
343
484
567
120
136
479
307
365
403
610
721
187
510
284
621
199
203
226
92
386
2
347
499
582
611
315
102
18
571
59
171
623
620
138
394
290
474
474
408
394
85
324
591
35
472
699
100
570
570
251
570
251
570
570
570
570
570
469
490
578
680
680
57
59
48
169
497
110
701
10
620
10
671
517
701
432
610
193
109
78
109
78
697
237
533
379
696
423
499
43
123
118
268
268
116
698
467
348
647
647
647
162
281
519
711
634
160
580
144
144
215
289
579
491
704
150
439
98
697
31
605
618
128
282
282
401
401
401
401
344
401
401
401
401
703
703
121
33
317
169
439
272
420
439
298
689
692
316
640
316
454
620
450
391
418
520
514
514
581
514
234
149
406
692
514
515
520
514
147
147
513
655
365
639
626
512
639
639
225
361
76
24
416
608
416
507
74
498
658
678
668
164
243
71
171
251
386
386
703
61
430
647
464
143
88
315
125
434
513
154
199
581
439
367
528
301
194
289
231
523
523
328
340
165
76
165
310
182
370
418
370
65
221
221
372
576
576
654
576
576
576
640
606
455
413
736
569
569
569
569
522
352
522
93
352
421
382
379
577
435
723
209
209
209
209
209
406
421
318
672
508
178
125
476
79
195
213
580
546
190
157
190
573
641
286
736
541
567
567
271
243
479
218
249
10
498
98
308
717
388
510
96
226
360
623
171
399
272
474
575
624
717
345
624
85
10
197
687
517
469
586
153
385
253
404
477
641
522
87
630
698
1
351
589
65
150
65
704
626
464
695
38
135
537
660
416
405
404
323
654
191
272
24
494
578
31
692
215
454
454
221
581
201
640
168
476
520
471
190
524
76
99
76
234
716
730
114
510
24
164
504
292
164
504
691
691
517
639
639
434
590
522
250
246
513
654
406
406
406
487
522
313
551
481
313
312
313
313
294
313
649
40
289
312
389
312
657
387
382
382
606
606
575
55
352
593
565
421
628
399
399
399
185
731
272
399
357
137
136
136
136
550
550
567
541
567
528
528
628
612
446
721
138
475
41
375
681
163
83
257
98
98
98
1
70
700
678
327
88
624
537
601
660
660
479
389
308
621
234
640
605
28
412
139
524
61
162
728
728
716
728
728
305
553
553
20
510
709
109
665
428
654
102
102
246
370
246
451
44
539
487
366
294
450
437
481
476
105
22
675
22
649
649
649
81
366
731
244
127
357
137
137
137
137
137
137
137
628
622
726
622
601
357
475
494
494
494
494
494
494
628
494
346
266
681
13
241
329
613
495
266
522
185
210
28
412
162
504
504
20
210
129
129
281
318
294
654
314
690
654
117
654
709
334
557
557
557
556
556
556
557
558
557
557
556
556
556
557
558
558
558
558
558
558
559
559
559
558
559
559
559
559
559
556
556
557
127
603
603
663
476
723
241
521
308
216
404
700
588
29
3
162
730
117
253
253
601
601
283
136
303
442
588
451
451
78
370
404
370
655
176
136
522
618
522
622
165
601
356
356
495
61
443
348
495
83
124
728
716
518
621
722
124
722
124
447
654
311
518
477
620
583
583
447
447
124
124
671
