35
25
32
314
147
125
201
22
554
26
24
42
151
6
252
26
293
379
523
21
112
312
17
11
567
129
217
25
46
362
46
22
132
35
33
19
50
33
21
42
141
261
92
34
200
118
28
17
145
28
187
35
147
381
31
21
138
111
31
13
33
351
32
24
48
508
101
159
52
584
567
55
91
123
140
373
27
32
46
32
46
523
487
33
10
175
147
49
32
205
52
32
55
518
16
34
51
19
48
49
535
52
51
554
593
133
52
48
52
46
52
52
52
52
44
50
249
52
51
145
432
168
101
26
118
129
28
28
20
302
28
94
10
302
28
269
0
28
91
321
321
12
150
12
34
32
252
386
252
63
118
32
32
241
10
11
51
32
310
32
32
33
118
195
98
22
22
138
21
408
1
33
21
227
21
251
1
36
53
31
123
28
40
50
61
38
96
42
105
71
567
26
285
86
206
72
19
84
147
72
46
278
155
36
261
33
114
34
114
26
334
13
29
12
55
89
143
294
116
16
12
28
12
133
256
37
11
76
13
129
148
86
18
10
16
11
151
148
362
133
33
140
8
138
30
22
19
22
35
56
12
7
111
12
119
35
110
12
35
200
15
129
200
432
572
203
37
1
125
27
27
22
23
406
4
146
21
94
16
20
9
52
35
24
24
205
90
125
351
30
432
125
126
98
49
127
125
311
125
559
125
554
41
13
125
191
110
314
110
290
54
3
191
191
258
191
241
210
45
40
24
48
14
77
40
20
19
143
344
594
6
302
93
3
46
148
48
118
37
40
24
24
25
47
25
30
47
50
28
28
51
128
54
36
25
140
30
42
30
18
18
16
18
18
1
342
37
26
11
36
19
19
572
42
29
347
92
70
29
34
274
261
218
64
116
29
54
25
29
149
29
31
432
16
208
20
36
27
110
72
149
556
16
26
25
26
51
25
247
60
571
302
13
13
5
17
94
408
12
147
165
27
584
125
168
129
11
34
22
104
8
309
49
55
25
49
49
216
3
49
3
70
49
48
48
144
48
48
46
559
50
49
21
20
47
56
34
20
41
15
47
28
46
46
55
55
55
55
25
10
10
50
50
50
50
50
50
377
47
47
47
40
47
155
207
50
46
20
20
22
128
36
373
95
120
20
21
31
23
36
22
3
57
422
14
16
16
118
16
34
16
15
138
56
123
30
30
30
30
30
30
30
217
121
34
34
34
134
378
256
166
411
302
221
16
217
231
231
26
29
29
27
20
225
27
7
4
4
188
353
15
15
90
13
13
95
42
10
10
206
206
206
10
567
14
54
373
56
22
56
14
14
138
4
14
10
15
53
95
7
133
140
15
252
70
144
31
33
18
54
57
310
13
584
522
31
40
31
31
31
31
8
69
206
373
373
240
15
62
69
69
14
47
47
59
56
6
184
17
17
17
545
567
10
93
93
128
122
99
265
161
124
13
14
14
127
552
36
156
143
24
129
60
106
543
14
244
148
60
109
7
112
60
7
149
149
91
149
362
149
149
263
143
15
33
18
288
14
8
252
8
31
89
9
8
104
5
56
29
96
321
99
114
15
56
10
6
15
24
24
18
38
9
24
17
300
17
201
235
89
218
375
486
6
393
381
3
84
8
40
40
40
40
22
60
84
233
334
115
485
114
136
39
208
289
77
26
101
145
127
70
110
117
41
41
41
41
206
5
446
206
133
132
8
92
1
247
56
8
97
13
543
78
86
78
1
17
17
5
131
7
97
78
257
6
1
500
26
149
210
496
274
585
585
585
0
0
56
14
496
137
113
110
294
140
119
2
231
54
107
140
29
82
104
104
110
523
99
144
94
369
311
54
54
6
6
6
382
0
33
56
132
145
61
29
0
0
0
0
3
3
54
415
140
3
256
3
41
148
126
48
48
91
257
583
7
148
54
4
7
141
118
6
12
6
226
137
64
7
543
109
104
64
519
374
1
543
140
54
554
585
145
386
519
468
0
261
4
4
79
160
75
556
141
141
77
54
27
148
147
250
41
218
55
57
55
55
55
474
27
136
147
27
4
122
193
293
1
122
36
240
56
396
485
519
70
141
137
149
119
149
51
51
145
98
321
0
27
113
49
9
141
141
396
240
146
41
47
487
120
125
73
229
18
140
39
39
293
39
4
146
126
13
220
145
252
316
109
9
109
172
122
148
276
49
314
313
148
313
313
119
118
70
381
8
381
381
89
112
45
148
45
559
38
66
574
82
236
420
148
102
101
18
494
101
101
101
576
89
34
12
416
18
12
121
314
147
19
76
138
84
76
44
519
142
142
248
142
99
510
79
48
142
121
293
142
142
142
142
142
142
142
263
142
374
63
23
310
310
93
233
123
72
144
201
7
7
19
285
149
93
269
223
132
232
109
218
128
18
233
240
257
114
76
131
76
297
289
289
349
289
343
8
325
115
123
84
72
233
252
147
42
43
45
42
43
43
45
44
139
43
44
100
254
459
481
432
49
147
147
147
562
36
167
99
41
99
143
1
288
446
1
126
234
251
133
133
596
132
132
292
65
143
133
88
61
134
41
143
143
57
63
115
115
117
64
117
153
115
396
114
241
91
228
136
214
100
115
3
100
240
93
146
263
141
137
361
134
229
139
117
235
235
235
236
238
136
145
115
94
139
137
2
136
201
543
297
90
467
467
90
90
467
112
260
152
297
297
269
167
384
140
141
96
167
297
20
20
236
402
134
145
23
116
141
141
141
316
182
221
70
70
321
70
70
70
138
3
35
138
236
126
434
112
494
88
133
21
132
23
52
113
19
237
133
140
134
72
481
133
105
146
67
67
233
167
100
134
105
228
134
131
292
232
88
105
150
358
599
333
221
19
96
582
176
168
174
108
108
88
144
84
144
95
57
71
95
144
380
95
39
237
213
124
136
136
136
82
82
143
225
82
44
132
131
131
131
102
131
167
579
105
105
105
106
105
105
105
88
21
5
175
144
60
500
88
138
118
112
124
116
116
517
136
116
116
112
98
100
100
136
51
136
132
112
116
123
94
94
94
94
57
85
87
126
494
70
197
139
139
139
404
139
139
139
139
86
137
138
94
413
592
144
109
508
276
132
264
132
144
112
130
137
134
124
137
91
90
4
240
369
93
272
72
115
115
74
35
162
146
566
351
228
122
37
122
35
92
154
92
57
92
92
260
117
117
117
140
122
35
88
226
138
138
134
88
41
92
246
128
92
137
144
494
112
109
305
260
535
84
84
155
84
84
84
121
196
285
73
146
230
130
91
238
122
237
91
91
91
226
91
233
202
267
467
144
248
92
86
137
244
244
519
135
135
135
86
125
254
139
121
396
75
92
146
146
554
146
320
124
420
113
130
302
107
107
92
112
288
446
107
294
133
72
267
546
81
214
276
87
112
201
111
98
369
260
287
259
169
104
446
6
122
233
276
169
110
97
87
254
113
79
124
103
101
61
384
27
427
334
124
295
36
252
254
99
122
122
97
130
88
117
211
121
233
176
117
115
259
44
103
594
4
109
229
260
115
127
290
116
484
171
123
124
582
103
117
100
71
124
253
128
113
286
61
96
85
300
166
240
100
96
129
129
227
384
300
129
358
129
65
126
111
293
114
86
137
241
111
119
111
464
274
111
111
111
86
117
286
289
303
85
173
494
127
329
229
110
111
36
121
261
280
261
261
131
223
202
63
4
130
243
130
293
269
130
88
129
129
452
100
233
106
229
242
124
296
72
72
76
236
91
216
226
86
101
262
262
270
79
79
9
130
562
93
93
262
29
283
175
118
118
118
377
296
130
291
103
123
103
421
444
103
103
198
74
417
500
60
57
265
333
286
319
81
81
395
102
81
422
83
123
248
81
252
81
228
102
81
83
286
35
102
102
102
267
82
102
102
102
65
128
261
44
61
128
72
227
449
227
525
88
88
270
82
96
393
219
320
400
187
393
594
594
119
119
554
145
238
65
546
176
111
83
290
120
276
120
120
218
546
121
121
121
121
121
78
78
78
238
78
78
78
78
236
376
236
236
265
81
86
126
222
83
374
400
83
257
106
83
83
75
83
83
83
170
363
83
83
257
261
116
260
108
196
392
369
82
479
85
124
86
594
120
120
120
574
257
120
231
238
286
203
260
124
123
434
59
115
269
228
176
269
137
234
60
461
106
157
250
201
120
85
85
161
81
230
85
242
284
237
202
108
370
109
90
109
108
89
64
481
63
344
326
64
481
62
63
62
66
62
63
63
63
62
64
62
62
210
62
64
64
64
400
62
62
66
476
253
62
232
66
66
62
87
217
286
235
283
244
99
99
73
73
73
75
228
23
271
299
387
508
176
203
226
226
286
218
255
286
314
286
498
300
110
82
65
358
552
65
102
65
267
225
65
552
66
552
286
57
202
299
299
96
76
76
106
76
269
269
106
234
102
58
238
366
275
42
293
283
585
237
79
111
110
265
368
23
126
98
232
247
326
120
545
119
1
76
100
100
279
397
98
98
98
293
98
100
106
333
74
25
559
283
513
26
77
90
106
291
291
227
222
245
241
227
240
77
290
76
233
106
106
106
296
65
275
65
96
75
363
75
75
75
290
225
290
290
229
558
65
229
222
227
120
293
293
290
76
224
366
61
257
257
257
435
293
205
94
94
291
291
355
96
582
430
217
298
173
376
480
298
230
298
231
283
432
225
232
350
232
232
232
299
283
65
127
283
152
287
232
180
231
466
479
242
283
333
333
333
600
228
217
386
386
451
386
225
386
229
336
399
336
227
132
77
393
9
231
276
190
569
224
228
228
228
297
414
42
74
446
353
306
306
306
457
457
525
270
306
393
307
307
307
307
307
307
304
308
307
9
308
304
59
151
79
374
522
79
131
226
226
218
226
172
240
172
240
314
172
242
44
295
295
295
232
220
116
269
269
272
272
272
405
43
234
243
268
369
292
292
311
311
180
297
230
74
165
231
320
296
66
231
232
491
369
212
231
525
237
554
289
369
375
225
225
225
77
77
79
77
77
77
77
590
127
127
226
226
81
81
81
488
258
289
437
376
236
235
525
501
149
275
258
58
58
57
229
299
299
229
298
231
231
340
278
358
570
68
68
359
66
68
67
68
68
67
68
68
69
69
67
388
68
66
66
420
69
595
69
66
69
296
69
69
69
66
485
275
485
230
225
274
335
230
395
296
295
296
273
507
229
79
113
258
170
596
596
296
296
440
296
296
296
288
242
116
298
234
468
230
480
252
171
53
139
298
205
175
37
37
37
37
278
37
218
43
432
45
44
255
355
42
44
43
43
43
44
43
193
43
44
43
42
402
208
236
222
373
241
163
275
235
272
238
364
274
260
256
268
250
455
260
260
300
306
37
585
241
374
242
241
229
292
292
500
292
201
290
254
292
290
232
238
238
238
387
238
260
19
444
403
297
516
465
23
184
353
128
230
230
428
271
230
297
219
277
254
210
216
243
243
284
230
180
428
242
358
155
500
500
259
109
236
298
276
244
244
449
449
449
449
449
298
449
449
449
449
525
158
158
105
233
180
295
295
316
172
193
294
247
172
249
266
172
104
180
283
180
180
353
414
332
332
25
242
228
242
224
180
93
496
216
108
418
93
358
93
228
303
104
486
219
251
377
245
304
347
271
500
151
168
271
246
195
395
251
255
245
203
201
195
233
168
424
237
237
237
237
277
298
275
280
280
204
89
404
297
108
108
108
298
108
297
165
565
456
180
297
429
183
224
254
254
180
505
522
303
333
254
251
259
494
259
259
256
413
175
23
23
256
290
274
290
103
103
559
90
300
33
264
299
299
299
583
152
583
152
264
264
241
479
119
289
174
275
358
264
264
227
169
7
421
286
169
15
256
590
256
408
254
227
484
265
265
281
265
375
299
299
299
289
375
237
272
368
158
281
311
241
254
594
234
159
189
309
281
289
255
280
274
281
282
303
255
286
440
395
275
278
151
285
72
281
281
39
256
244
378
61
58
123
484
205
253
253
288
281
281
281
281
399
281
287
584
69
67
367
67
67
67
68
68
68
68
74
240
298
262
281
244
244
244
57
350
350
508
350
420
217
561
227
160
217
227
217
256
190
217
444
256
217
253
253
253
190
253
406
465
38
201
131
168
264
253
253
204
249
284
420
481
289
197
289
249
376
58
191
278
278
278
311
221
287
287
435
152
247
385
380
363
203
171
171
171
287
119
274
189
464
420
551
287
287
243
89
365
242
262
234
335
335
234
258
257
255
481
119
580
278
175
64
234
190
270
224
224
148
255
255
508
405
246
96
246
267
420
262
270
505
332
253
465
428
205
96
270
199
5
535
421
395
174
262
193
416
262
249
275
266
505
204
262
288
535
288
280
280
280
280
169
555
157
209
353
248
53
265
126
262
248
353
272
166
353
353
353
250
194
258
196
522
277
191
175
250
421
477
38
578
268
220
250
250
75
250
250
221
395
278
288
444
288
277
570
73
287
368
2
244
268
53
203
500
208
257
257
202
251
243
247
221
159
243
243
243
95
248
126
108
95
126
249
249
255
64
277
143
175
273
282
224
249
508
247
247
247
247
53
175
248
248
248
248
248
248
272
272
272
135
271
109
89
188
266
219
320
207
161
266
316
294
271
272
275
172
74
363
385
245
288
487
487
199
187
282
210
199
222
150
283
247
293
51
51
271
251
415
245
164
184
178
173
179
179
432
161
179
178
402
216
153
245
278
519
278
173
173
173
173
173
173
251
250
446
197
282
282
575
282
453
453
395
53
53
214
283
110
190
75
288
262
275
198
268
416
268
204
268
272
221
466
247
280
500
489
405
245
273
85
177
392
263
268
251
246
279
186
23
332
268
204
446
251
550
251
246
553
246
246
246
170
246
246
382
246
223
303
165
519
266
192
298
195
399
548
207
191
213
585
374
271
271
202
234
157
245
270
249
558
270
238
258
433
283
267
197
267
390
362
390
204
89
127
432
587
330
579
451
203
451
451
451
451
451
265
311
74
74
74
74
74
212
204
153
223
204
348
287
258
595
220
195
191
220
600
374
520
417
276
184
419
151
285
285
285
285
285
285
285
409
285
391
245
245
245
75
251
201
267
267
181
182
181
104
177
178
304
195
163
136
305
314
314
268
268
201
304
269
200
185
268
600
466
193
71
413
157
214
154
305
208
481
468
454
303
510
396
445
553
114
114
17
331
195
192
199
204
224
5
224
119
184
417
504
60
182
203
224
218
204
95
204
393
308
517
179
177
304
368
181
357
516
178
155
23
331
208
194
194
113
194
194
182
190
412
219
203
384
437
280
219
171
384
200
332
171
86
195
404
287
203
190
434
202
187
282
422
168
168
460
288
168
168
269
191
192
204
401
170
82
382
169
574
170
205
467
362
437
359
241
340
482
277
198
190
189
185
353
424
424
199
205
205
211
424
188
154
154
174
219
57
188
188
188
421
188
396
329
244
367
172
194
194
359
168
505
182
270
309
485
270
189
191
194
196
196
222
258
295
206
79
79
368
337
188
216
295
2
392
169
187
169
191
166
273
578
209
159
197
170
192
169
193
192
203
203
530
58
194
442
210
247
334
542
209
401
213
97
181
274
274
224
172
427
164
189
187
316
170
354
218
188
200
355
275
276
162
276
569
279
294
2
400
267
278
279
279
279
262
159
159
505
505
280
199
505
505
189
386
143
2
143
191
194
187
192
153
412
458
587
190
588
569
236
412
444
235
199
237
260
182
164
164
182
182
216
484
95
502
207
425
506
216
207
134
194
194
249
249
186
156
178
249
190
422
160
99
568
171
171
255
158
255
198
60
63
187
179
169
60
329
386
122
464
171
443
301
409
346
409
292
73
326
574
200
200
199
216
176
242
581
282
225
225
397
211
351
417
184
199
223
170
125
183
282
195
59
170
543
546
170
216
324
216
216
98
188
195
420
212
198
401
198
243
202
221
523
380
196
170
209
209
313
209
213
182
271
171
271
212
420
258
345
347
279
67
415
197
198
354
63
63
170
337
412
197
113
200
198
270
270
315
402
317
73
341
334
222
222
222
222
189
220
398
578
210
182
159
214
387
498
583
11
97
71
197
425
114
202
202
202
406
202
282
332
235
235
235
426
169
169
189
189
200
200
200
412
197
488
488
332
466
349
198
553
186
156
207
547
208
208
561
197
197
198
79
45
566
212
153
97
207
317
207
184
186
336
400
502
162
159
188
186
188
271
87
219
176
345
314
222
167
222
162
212
341
220
155
417
226
223
223
366
366
201
214
187
496
5
517
184
163
164
207
392
174
187
367
472
174
174
174
403
206
174
193
319
303
514
184
184
292
292
171
282
220
155
197
563
153
58
58
161
415
154
151
277
186
334
245
157
342
580
150
351
396
206
205
181
338
279
178
435
351
305
221
221
221
185
59
193
193
566
306
193
351
421
59
59
59
59
59
412
156
580
165
206
590
98
209
210
2
282
562
311
185
362
501
186
186
409
491
60
277
163
213
153
477
153
153
209
329
377
165
87
173
374
406
0
166
175
207
206
326
166
166
467
176
176
489
489
156
426
426
160
164
372
164
164
158
39
185
185
187
151
155
406
411
210
569
151
342
578
315
209
332
402
454
518
181
181
221
383
414
181
181
394
181
181
393
459
73
213
210
156
158
158
211
256
491
207
196
350
234
213
212
213
315
310
321
185
185
185
414
394
394
394
394
394
412
394
394
176
192
279
192
153
230
214
179
594
214
214
321
214
158
570
157
212
168
212
448
167
402
385
167
173
174
176
312
179
179
179
277
351
363
351
382
153
332
406
580
212
196
196
196
349
196
493
455
346
340
273
427
417
163
67
67
159
180
163
277
579
380
437
588
595
235
156
341
407
382
58
385
387
405
152
470
398
152
448
152
152
542
152
152
158
161
430
426
430
192
210
315
73
383
73
407
301
73
210
150
150
150
150
150
150
160
160
160
160
160
160
160
509
448
160
359
187
163
163
163
163
163
284
163
347
544
580
214
569
53
192
162
161
549
173
261
159
159
167
159
600
572
213
380
198
443
376
209
409
408
322
406
550
459
359
512
387
408
383
234
301
461
398
442
161
484
406
542
341
156
156
156
156
156
209
369
571
155
167
404
368
87
87
167
213
340
341
213
408
192
359
359
154
154
154
479
154
154
154
154
574
219
130
522
362
410
453
351
266
276
566
266
266
266
571
266
190
363
345
58
58
107
214
566
314
157
87
376
340
309
588
166
166
405
342
368
561
380
5
368
565
164
369
520
520
509
522
522
71
481
430
166
346
366
366
366
366
95
437
315
315
346
97
427
409
412
217
71
255
107
183
342
58
409
117
164
184
184
368
341
295
406
393
349
600
279
408
279
279
503
381
157
494
494
350
464
350
553
381
301
361
323
135
220
475
220
408
322
212
322
185
175
502
185
460
158
177
489
405
577
349
167
408
40
40
361
157
274
345
408
305
341
165
332
374
342
410
264
393
445
365
393
321
403
365
422
358
558
376
376
558
376
309
438
488
551
183
405
303
518
406
428
341
407
558
422
447
360
344
361
494
372
315
321
365
315
368
365
340
338
346
422
321
321
211
600
316
87
135
406
444
370
205
370
370
189
157
211
402
427
346
158
331
331
183
588
183
422
183
540
179
331
183
183
435
522
404
404
404
404
404
404
157
405
349
374
578
208
181
207
317
363
432
447
549
350
350
350
418
341
97
341
107
420
158
312
442
312
162
312
312
452
417
312
312
446
312
329
459
39
361
495
349
349
250
349
349
250
405
351
444
370
349
341
263
263
367
404
114
344
569
422
445
404
359
359
540
427
350
350
568
582
180
179
179
316
379
177
416
183
365
367
389
178
240
151
178
383
365
161
348
344
388
361
134
183
178
402
438
183
264
175
365
166
463
457
456
363
464
463
462
386
380
315
467
462
411
361
391
555
501
547
467
464
484
305
305
318
314
303
565
335
481
294
503
499
498
498
504
165
294
499
499
499
499
337
505
499
505
505
503
502
502
438
291
499
549
380
378
305
305
305
509
365
345
365
422
490
422
426
419
135
315
422
473
367
367
301
481
8
382
440
266
301
592
85
534
178
243
61
243
406
212
384
220
410
411
411
411
561
90
301
501
402
430
369
402
263
568
571
164
155
462
382
365
415
415
560
590
127
410
398
407
484
306
501
377
589
90
501
398
374
277
552
433
484
555
378
501
501
427
264
209
101
273
311
367
426
565
266
376
176
545
397
372
388
537
376
403
399
551
575
549
401
190
192
514
433
367
418
311
473
489
352
393
402
426
397
165
426
195
195
372
403
409
409
409
439
409
409
426
414
498
503
600
600
382
600
551
556
389
389
71
387
495
397
395
284
402
370
374
525
378
97
356
397
364
397
107
378
397
397
397
397
97
349
377
389
345
345
370
345
345
591
378
301
85
538
429
345
410
345
401
430
344
344
400
344
196
344
344
496
344
592
561
474
403
306
439
186
561
178
85
338
529
385
398
446
346
338
590
330
377
267
385
526
2
407
559
379
219
360
493
454
383
565
310
357
410
520
459
410
410
410
345
595
395
395
395
395
309
375
471
428
375
375
375
375
471
213
480
370
382
388
450
408
425
425
425
362
407
407
407
413
352
517
352
264
415
355
546
429
445
401
174
396
453
408
592
342
427
427
427
427
517
517
569
505
423
352
316
569
569
354
382
445
182
182
353
472
378
378
259
398
522
369
313
313
495
479
193
411
427
378
368
400
360
59
317
380
430
360
503
401
401
401
103
412
418
301
380
412
327
123
534
421
421
421
421
421
421
39
426
428
396
375
375
398
415
397
352
437
39
510
440
383
413
383
565
304
304
304
304
304
304
583
583
172
161
414
459
585
385
542
360
419
443
464
267
581
413
309
495
444
343
177
323
113
411
557
347
423
457
457
407
372
372
372
589
284
589
589
443
316
343
396
324
324
265
568
565
315
414
529
415
319
428
316
481
354
310
294
445
219
439
9
391
2
199
426
371
364
329
388
360
318
364
318
415
339
512
388
364
189
189
378
529
259
378
2
107
161
423
343
161
439
385
450
382
387
411
411
411
411
337
536
400
348
372
372
412
377
377
95
400
400
400
364
360
177
545
387
389
389
389
400
385
389
579
381
574
259
309
554
389
478
347
360
313
495
387
495
364
363
363
328
488
536
291
423
582
258
424
384
338
423
423
401
352
446
113
449
410
387
312
529
529
439
318
385
383
381
389
566
413
413
413
413
507
413
166
335
330
435
530
407
407
566
566
588
394
394
309
394
394
363
352
511
199
151
259
208
344
208
553
208
130
366
591
347
199
418
310
329
343
329
418
343
343
357
316
419
39
418
430
313
511
437
545
488
418
511
334
177
177
558
430
309
309
451
588
325
442
325
442
177
414
352
259
364
379
561
348
375
424
537
364
419
352
108
489
489
101
177
177
295
360
310
347
353
419
419
277
464
60
429
61
434
59
53
593
418
401
291
334
416
548
319
383
382
393
429
186
265
85
392
444
417
362
417
417
417
417
370
385
385
514
598
39
337
429
572
572
432
405
405
2
328
352
352
438
439
355
355
399
2
358
487
89
89
488
488
424
371
348
470
347
322
381
487
5
329
224
354
325
273
338
377
381
529
442
442
384
405
311
185
343
448
487
575
162
514
475
424
398
442
560
454
339
511
315
458
367
594
497
485
447
361
554
458
536
440
515
599
457
186
468
571
457
596
384
438
467
438
384
588
528
358
358
358
384
553
301
401
429
429
429
107
328
9
548
338
338
425
338
596
596
416
336
367
223
416
416
416
103
416
403
313
495
371
529
495
561
326
326
320
103
157
303
440
593
364
447
302
328
450
273
599
273
499
97
562
448
380
416
548
564
464
513
416
464
479
550
273
327
327
575
162
476
357
273
337
343
437
549
347
437
483
336
336
542
336
478
399
414
445
339
434
414
438
459
398
414
414
342
347
334
471
509
509
357
398
398
371
430
306
450
524
330
517
495
507
211
509
453
313
437
437
429
294
361
446
369
252
482
455
325
379
325
337
441
363
459
441
372
441
441
300
372
372
291
291
273
442
425
455
480
318
376
318
371
403
538
371
371
371
371
371
440
366
410
336
211
419
410
419
445
343
520
334
355
432
359
478
479
335
335
335
335
560
321
325
334
107
547
545
438
356
325
516
284
533
526
438
399
399
322
322
511
434
511
329
490
490
336
335
583
438
343
415
429
489
489
511
423
371
529
355
438
165
455
380
554
439
348
348
348
348
555
364
438
537
530
494
318
565
101
435
356
99
433
433
433
433
433
433
433
433
326
530
478
338
338
506
582
424
423
356
318
596
424
331
331
325
325
448
536
313
357
494
301
135
328
338
496
301
582
326
325
326
329
391
354
263
326
325
434
571
324
429
336
557
354
475
151
339
367
483
162
457
357
357
534
498
497
399
574
504
439
390
439
318
291
322
473
242
392
339
357
407
444
420
466
475
534
439
439
439
348
390
396
327
327
327
327
383
456
456
442
263
263
263
263
491
491
318
581
451
359
425
135
425
425
356
155
386
388
412
443
443
326
435
435
435
435
435
211
435
428
323
357
357
371
483
403
480
448
443
379
327
433
564
5
330
578
578
330
306
386
300
576
428
53
443
348
542
443
342
318
329
553
390
482
300
559
300
357
174
186
441
591
324
468
387
339
339
445
135
71
459
82
340
593
104
104
342
320
320
320
295
320
320
320
491
320
384
392
392
443
443
570
294
294
570
560
594
594
388
483
514
502
598
319
319
390
522
444
444
488
442
447
261
319
443
458
595
550
496
523
337
447
496
373
373
452
373
373
373
475
468
570
591
526
37
450
219
598
598
598
598
319
575
319
440
596
361
339
252
440
440
452
441
441
592
441
448
53
582
565
441
441
131
549
549
390
390
447
425
530
541
155
205
370
370
370
370
521
556
354
360
373
596
391
75
340
340
340
568
430
340
452
392
596
487
486
589
471
452
330
330
330
330
477
330
528
465
341
365
327
441
319
556
518
377
492
526
390
463
521
464
559
447
447
5
497
390
451
447
447
306
306
9
513
307
307
307
307
307
308
308
308
308
308
9
420
440
518
440
555
514
448
105
0
38
38
38
38
390
330
292
457
472
475
511
570
498
583
536
495
576
162
555
331
362
463
560
513
592
392
448
107
390
587
560
403
498
525
510
510
489
489
489
323
317
492
575
317
337
313
311
342
362
415
547
391
331
331
327
586
399
331
302
582
324
324
324
324
502
324
324
324
510
366
487
487
487
487
318
11
11
11
11
11
544
332
261
445
445
445
578
578
419
600
457
452
560
477
590
574
537
540
555
127
319
434
434
434
331
448
193
556
482
592
598
531
531
586
531
584
71
555
484
71
71
452
452
452
482
565
302
458
595
452
598
302
264
535
387
387
548
492
352
569
379
575
470
512
391
211
494
491
512
587
452
319
599
379
379
379
392
488
150
150
568
582
361
333
312
493
342
305
314
549
339
425
483
483
526
482
482
451
453
453
563
399
392
343
554
453
337
317
437
588
391
391
211
450
391
391
391
354
508
456
456
456
460
476
475
476
476
476
104
591
533
388
351
165
559
475
498
498
498
476
454
567
448
578
485
578
473
317
317
317
521
521
482
482
595
482
483
347
475
82
513
555
524
553
317
317
572
572
396
543
328
423
423
423
499
84
426
560
575
541
564
524
428
322
323
354
518
513
513
449
475
441
577
488
591
560
511
513
470
87
322
310
258
310
447
507
565
303
507
507
322
574
568
327
559
327
305
472
24
527
527
220
486
564
580
558
598
559
554
507
507
522
582
564
476
528
456
383
45
592
582
302
302
523
491
454
472
469
510
510
519
458
457
521
453
455
495
377
456
453
453
456
491
512
519
460
453
491
466
523
524
524
495
491
521
515
520
520
520
326
547
575
381
419
575
546
546
552
538
284
506
38
538
519
492
538
557
538
470
514
584
478
538
574
570
492
78
581
592
577
577
577
507
87
131
513
419
472
589
506
61
599
323
540
560
135
600
564
476
581
476
476
591
581
583
591
591
577
578
577
577
564
577
218
388
580
580
574
533
335
575
575
504
503
413
323
501
536
497
356
576
499
567
496
586
497
581
581
500
580
476
580
580
463
335
533
546
471
576
576
576
576
576
576
576
466
316
514
547
333
333
333
127
598
563
515
458
574
356
580
572
587
590
516
590
465
533
533
546
465
569
549
465
465
517
517
465
465
152
479
593
529
566
339
466
466
581
581
581
581
475
466
276
274
462
536
466
531
477
467
542
563
467
586
577
525
454
527
528
45
454
518
564
579
567
339
579
592
480
577
577
482
514
514
543
540
540
593
579
588
488
585
595
555
591
469
481
507
559
355
568
579
579
568
579
579
579
592
312
332
287
323
547
583
566
389
323
323
323
478
323
543
499
576
471
471
569
253
463
463
566
566
153
383
587
568
583
568
571
568
478
571
571
463
514
557
572
496
211
284
570
534
571
538
570
571
570
524
588
571
359
570
389
567
531
567
563
564
563
388
599
587
418
434
590
521
463
162
535
428
596
536
598
544
559
527
537
585
462
534
543
589
587
555
497
594
595
595
595
595
490
594
565
504
515
339
493
361
521
480
379
509
454
583
454
541
556
403
541
541
541
541
541
506
99
590
356
590
356
356
356
585
600
356
596
590
508
508
508
328
328
328
564
486
328
328
542
328
599
587
585
586
586
527
557
557
557
379
259
534
589
508
508
513
577
354
308
354
553
527
506
598
446
561
572
599
599
599
474
497
454
509
514
509
511
564
564
477
540
599
509
456
530
547
531
456
556
308
128
511
308
308
534
467
198
470
550
587
543
534
473
540
386
542
134
146
455
562
535
146
78
587
469
469
388
537
534
477
526
586
537
531
531
589
536
540
550
586
322
503
586
586
462
517
530
529
555
526
531
535
534
550
534
593
593
45
533
518
471
567
567
506
589
589
506
513
540
466
563
455
540
493
535
593
563
541
599
300
300
284
451
535
535
537
540
535
501
518
474
490
355
471
537
533
524
533
533
362
591
562
348
284
511
515
61
403
483
178
515
515
537
515
280
430
527
527
469
518
525
556
584
562
469
512
512
492
355
515
265
533
537
538
515
538
584
474
547
538
538
490
346
346
346
346
165
346
541
469
512
469
469
469
469
526
533
528
536
418
536
483
471
473
128
503
473
473
558
516
592
521
591
135
558
516
546
474
462
462
542
526
516
516
516
516
516
516
528
561
504
355
145
561
521
531
360
470
515
515
477
477
477
493
531
536
462
471
527
45
527
322
291
547
529
90
501
479
528
334
525
530
527
529
593
593
593
551
484
472
558
563
523
501
548
572
562
562
461
562
562
461
360
459
530
530
254
551
462
462
462
483
460
460
460
460
560
527
528
514
530
145
553
450
584
549
424
366
337
544
38
562
418
461
482
537
523
547
459
463
463
463
461
461
130
461
552
483
493
434
586
502
584
524
336
464
524
519
547
524
546
459
113
474
473
461
461
545
572
45
558
558
309
553
512
512
455
542
522
223
563
483
303
521
521
473
473
473
544
544
544
491
491
164
589
518
584
503
526
526
584
485
485
485
485
485
544
545
545
493
493
493
472
493
512
512
526
507
507
460
162
545
509
509
544
517
528
284
474
548
548
563
563
550
480
548
544
442
450
546
450
450
552
450
472
472
472
423
502
550
520
551
520
520
520
544
458
458
458
458
506
506
506
506
524
518
545
545
500
460
550
460
460
461
461
474
336
492
465
478
552
340
557
504
504
500
496
504
504
504
496
504
550
499
497
498
497
468
497
497
472
528
528
553
455
561
469
471
542
470
470
474
38
557
557
557
557
479
468
468
468
468
468
470
470
470
528
478
550
455
531
490
497
525
525
548
556
548
455
502
502
541
474
549
510
549
424
513
399
486
128
486
486
486
486
486
486
465
428
477
490
556
551
551
551
492
492
310
477
510
510
474
510
454
541
544
551
458
523
552
493
450
524
223
337
479
556
368
223
457
552
172
552
523
21
479
490
551
480
492
492
480
223
548
576
586
587
588
523
588
484
484
480
546
503
503
503
490
480
490
490
478
478
478
502
492
51
17
114
46
47
519
543
218
333
241
517
530
560
364
475
